4697491
3584141
1997232
1799136
2531758
4453584
2732722
4541624
6019401
29407
6309
6021312
3856781
5697179
6006650
2108972
3428090
3297613
6021344
3997016
243373
4903729
4635388
5906903
5885662
5965734
2026065
3101498
5728991
145768
3313238
239594
3160747
3438096
6016358
5168011
4618947
5992465
1209018
1787841
5828883
5445316
81491
1306528
5030131
3218478
5365945
3710865
6006823
2939061
433271
2325924
6021395
11683
4874962
3568847
5965283
1382876
4219441
615754
3145318
4549554
1907700
325241
1742919
3108397
758133
5846543
1823822
1245120
3487953
3388012
5766340
4504317
1215724
4675269
2114326
4932376
1340389
6021443
6017830
5246013
315762
5450310
4657037
3298385
5031275
89969
5980423
5689435
4502878
3598756
4905601
581760
5967828
4759138
5196273
300257
2283319
1873365
1446163
4221420
5615224
974393
5733157
348796
4767429
2066810
5955648
1032620
4772088
1423608
3107430
4217319
5149673
2780791
4064987
5323477
1048200
1593007
1716170
613130
5312196
6021165
2025923
3395759
5359941
807193
4790024
3356352
709413
6021243
3559349
5509571
3470178
4485815
3539857
3226932
1538099
2767755
261052
3307520
5255018
6020650
1983495
5513368
5367219
5772689
5979606
1718042
1017065
2608063
4333555
5235488
2970947
4505733
2960335
5915915
80274
259769
511209
232642
2165862
21945
3077495
506307
3961641
2079934
3655695
6017333
5284728
3832970
4795734
4616839
820578
698620
805548
2706707
4648873
2585142
934239
1406101
371933
5737894
5082337
4077574
1122069
2915208
3334375
2092621
571407
5761558
2882619
5453932
1885467
6021410
4502237
1707654
2333214
5265863
6017112
2951316
3906814
2949612
919219
2471463
1507899
4340641
3658516
1937249
188096
2992314
5651777
5781430
879035
898348
6021262
3056090
5882203
676195
5770147
5535245
2006598
4742294
1254147
5976613
5948385
6010517
5891000
641955
1993125
5874266
5135761
5740031
3425760
971127
6021196
2890201
4146185
6000353
2675883
2107876
422335
730566
2236417
440558
1643971
1870110
49018
5032721
2637259
251986
5743718
5702158
5894123
1852984
5797856
4893788
217408
652220
1921872
5789786
5988952
5918195
1940821
4833948
1672458
4003407
6021427
4928642
4943598
6000808
4856761
4310784
3674231
1938911
3457268
1797425
1774667
361418
4689835
2448412
6021232
1466046
1509764
5301119
6011907
5539694
676155
3220113
2674553
5670971
44637
288360
2586651
1171529
1774180
4377230
6021348
5692102
5223026
3577705
5655299
807126
665557
5506221
3244046
2035262
4380542
836390
4877296
2841966
5081563
5832311
6018068
5982584
6007694
3000595
3075340
1555823
741595
2889300
2547229
209867
2849346
6021497
1542806
6020135
185647
5990024
388787
5719935
5961523
6021320
644386
1762404
3463712
5179529
2877241
1334268
1933578
4607153
5602444
2562693
2951368
58763
5765298
184509
2207887
6018494
2928710
2475097
1792391
5394980
1542290
4706785
2040698
812149
4318379
5345612
4691745
5934435
6015103
149341
2260095
1726423
1427416
5107084
5699534
1457646
210785
5316949
2617068
2924274
2606013
6021398
2823172
5664721
1612190
446822
3274800
412024
2320823
2421941
5239503
2969792
6017195
5808894
1923139
4923405
4436237
1181616
4660454
6005616
2598661
111110
575376
5950103
5625534
5807895
200576
159145
6016164
2691588
2045818
578091
310574
594832
1311999
280329
1646320
3973851
3212365
2823972
4198099
5388620
6021513
4039065
1472779
2398607
1574622
2526078
4079867
596781
6020379
2173418
2783370
506413
6015656
3049583
3068946
3011380
5998425
990042
563329
11182
5770451
1436658
1171620
2254586
3993346
3101532
5877490
4016285
339843
1197605
670396
419425
5828248
5237560
5301341
679824
1141829
2371715
620382
4501480
3746301
869736
4620449
2040040
2382728
5767814
1019893
3891036
5655255
6021256
1770246
446843
2069130
4482181
6021259
3571392
4828276
5555869
332059
1976941
992484
3804495
6021409
728593
2955869
2347882
1640660
477878
6021524
5290840
2733735
2307097
1526650
2257052
1973285
6003440
3352926
1781623
4301950
2490286
5900517
1580399
5866805
5859151
3649347
2578693
1690193
267000
5758
3721026
4257073
3721034
4301079
4184194
223467
17034
434029
2414957
5913922
994179
54506
5983532
4544823
2923027
2085448
5519993
6021340
323269
6008275
800214
186849
2338477
2402546
70458
932002
2496702
6013339
3599381
991484
3664422
218859
4864943
5048934
4109141
3490411
4193263
785349
3789665
5948804
5797668
608772
6000978
4064514
115145
1438542
1821829
4811421
1107746
6021470
5605356
6019830
65694
2532797
3255670
5597879
6020877
1806780
902224
5856639
5933082
2536191
25646
6019688
5951289
4154146
3018586
69868
3395198
2060267
4190526
841108
2590010
550454
2557900
2180785
4386427
1848109
16725
3068168
464581
1290731
6021489
4041114
3985335
4428705
3185459
4646195
518469
3772369
4914757
2729170
3182139
6015663
2203084
325117
5933382
2340706
5588955
1897935
5905741
5540863
5034964
2169853
4008485
730638
2181514
560768
6019825
3286903
3547851
1032167
5880775
148870
5184188
335858
1197518
2004530
5537814
1154026
2152082
447901
4700156
4604579
2622927
5566107
2901002
5959470
2191722
5463146
5459839
3403603
6021545
3131905
5999914
4697794
5933320
5328722
5500467
5044042
5617035
5914939
3906755
3009052
1666691
4208554
2672839
3475722
6021172
499377
4691117
4189396
3815843
6021530
2390296
4706111
2599266
5993157
5222902
2721350
887210
3900120
337294
1526406
87189
5977755
330315
5958687
1968182
4923785
1750757
3692399
5269381
5966448
895279
1432239
5054319
314166
4287733
3303616
5349215
84433
13663
1035613
2194193
4555367
6021532
2525231
2016271
5615096
6020261
827263
4513858
2468587
129655
4016197
949476
19410
3828133
4201498
2492381
2805305
5917310
1103498
656714
224132
6006830
5696792
6021252
3797140
5921826
4262407
5008846
6015883
5978105
2238178
2156952
5389107
205270
157882
6020361
4716683
1553888
5545813
180100
6014790
4162800
428665
5706895
5995580
150868
5034195
6021564
6013703
4864334
6005805
478884
2232732
2232135
2486888
6021560
1529673
1207443
5718582
1977887
3582362
4915561
1761022
5344058
4402004
3428765
5006069
4985241
1539189
4376340
5501675
5858704
209103
4803707
2868801
5778658
419116
1031775
78722
5275896
5998322
3958064
258674
6021174
6006367
1960169
5991334
4817987
1745738
927404
1134686
5526949
4501667
1288722
3732271
20128
2402929
3152847
434551
4079381
970973
4172870
3942918
2657121
1093147
938782
4062354
1744164
6019300
1405065
4663915
5466118
6018729
6006686
3910099
5785362
1172908
5814792
3815056
2245773
4145941
5067542
1935813
505088
5783324
5980010
5406885
6020651
1373460
1434740
2087070
1488073
756809
5381756
1379931
496837
4327789
261698
6010392
293594
1350899
1746830
5985008
2592042
1407478
5982503
3079318
4218017
5861954
1355707
2398434
4958421
5095909
5251523
2507954
2467940
867505
5136425
5907059
2253302
4969969
5891187
2050455
1372719
3603681
5242370
573032
918959
2471667
5794411
5473627
2966723
6009069
5984300
4856258
6021335
285465
5442581
3140227
5092660
5720596
1337653
4105457
5978967
5867572
5093294
3846291
2867928
5455629
909227
557846
6021315
1084416
228109
4997239
1714187
22656
5599387
1522056
5989695
6011404
3365001
1139830
1388837
728812
2563754
1319512
1775065
5493752
938516
6021581
5856964
3690301
1798031
3225006
943435
3716699
913124
5959673
4183947
6021599
3478500
1169519
2467772
706532
5575394
3574081
5682106
2836621
3349573
5054239
5496200
4293902
6021604
6021499
761212
6009672
540312
5596611
5934169
207676
5678983
5828351
1378252
5686201
741747
2442613
1194854
503099
6021540
3304208
4637205
2774914
6021250
12711
1809877
4148923
5653670
4785937
2862205
1218864
5321002
454533
982161
5599880
1599004
207421
3543273
723980
6020590
3878400
5671595
4128945
1582712
1833961
1956510
5996349
3045978
5876041
1899607
5931138
13447
2033382
1745672
5990194
60761
1031591
3367779
5719592
270986
699305
3252143
3132781
1851658
874188
147356
6016319
3510736
2008111
559210
3803979
5945479
390807
1457733
2444099
3608192
1816580
6020538
2667536
1577341
871050
4037348
1637861
4692076
2385058
5298696
3222560
3953764
1164942
1209921
6020750
1568010
6021084
5401992
712765
4952010
5959625
2711488
1876620
3785560
4934330
1495272
1988185
5995000
1775531
3956566
5795557
1875956
4308892
502381
462627
488397
5984479
3671842
5134220
2826147
946850
7231
5199226
1228911
5976604
784699
5898687
759452
3971496
3161116
2777375
87015
3436535
272031
628725
6015428
5826131
5850593
5501017
4481818
5332500
1064270
6020839
5666987
5012469
3815253
2998271
4422715
5562634
5006469
6021403
3585673
1910735
3527297
4050261
4232842
1058166
5930398
1911941
2827823
3872979
248567
5801126
1326913
6021614
721937
5751479
363777
4275096
3551373
5821944
4473327
3446129
987339
1831811
5741762
6002362
540768
838689
2395693
2064044
5799671
1751825
4422957
3474387
1304312
256196
4649143
738999
62576
2881849
4640346
5723885
13508
4938007
4193981
3144159
4767498
4009883
2174878
570724
6019644
347611
5575446
5273921
1391249
95954
99354
4443488
3419297
453851
5652218
418343
5229523
1260286
6018505
2435473
1034897
5869460
5698173
4686817
1610950
3973283
6021617
2535356
5620296
162742
1226304
121332
951609
2750477
567863
1821450
2290639
1341338
2497278
1758853
1668849
6018367
2633817
4387543
2914592
1217941
5988961
1519186
2034192
2720372
5460719
1855677
41116
2637838
5585476
41942
3037257
5156977
5900011
6509
2311684
161457
3855524
6021640
5620472
930728
4512451
63550
407412
4989757
3939200
3422102
3702797
6000390
1064616
157247
432681
652101
73407
1492883
6020604
2357112
5366075
2166188
595305
5783135
630409
1611389
593461
5703316
1177441
6010041
5011902
6000779
5740395
6021543
4982088
3657517
4698242
13302
3631848
1955371
246408
407802
984823
5714746
3711788
440119
5451270
1728392
6021667
987509
1909727
2629420
3146801
1697572
171318
1560697
5891966
2738148
1402846
4881167
44309
3716774
5483317
192409
6021649
4213384
1514137
576050
707458
5508736
2686622
551322
3291588
5672740
568735
5111676
5844957
5778601
2551215
1586200
4038104
3024660
1575188
65863
2933141
6615
1201251
5891223
6017756
2842093
5928038
3125880
2119685
4184636
5820944
5218213
752843
4959143
1125496
3251036
1682924
4596494
11654
1060350
5609858
6019599
5431005
4262421
5968236
4725592
876739
4987285
3919155
440302
4083152
4272804
673271
6017789
4409409
4953391
3796
2336373
5622825
2593896
841828
5954950
1697743
1690821
1661465
5571461
4070848
5837113
3309109
5517847
2587435
3488090
1281736
1094947
3592275
1847592
1190388
5989370
1103606
3791923
247643
277106
3992011
4490269
3210312
2655678
2854632
427640
3841734
63202
925897
2198298
113962
5059545
1517735
4918411
1315956
2227743
5181769
1364007
682515
5499118
2456646
3036952
1332580
6021223
390462
3723423
3555845
5666320
16425
4562287
5264977
315544
460363
3809691
6019282
296328
3307261
1467810
2964291
650891
5996765
3275211
1770699
393805
5575109
696632
2004685
4142382
552182
3398302
2720927
1559401
4984269
4822948
1765323
3040176
5969755
6016306
5929626
1778675
24069
3118445
5529420
5973348
2465787
6018297
2741526
1387462
6020556
5979135
2721854
5450589
4648615
131057
3351073
66752
5710014
5050667
2213825
1913824
1073179
305532
4717427
2137838
2583417
4667831
1943792
364387
4214679
4491012
3313064
1260260
4753375
5680735
6020530
6020373
6010917
5430330
998117
3240293
2699852
2653714
1268294
764516
5945758
5850144
97073
1162255
4634361
3711185
342275
205376
4803955
3992761
3639557
3448806
5970605
5686047
3933375
783119
1870799
4240774
2263652
6015826
5623622
5273600
301607
2094257
5849361
546861
1196150
705642
5799642
4618969
5614502
5753642
1842261
5580507
2981429
6021573
4965893
3960732
3467349
5424153
5950144
4853702
1676363
3629249
533631
1916893
2035825
6019326
1156119
2930811
4833
415448
1987598
3580433
3899583
2681948
2481165
57879
2134421
940098
5579551
6018098
5746391
5110324
1436588
3497437
5419221
5890708
1926369
5741622
499214
4363634
4562902
4305722
2599935
222959
2089625
4943253
448017
5045302
1755357
477037
1187532
6021319
978461
3935063
5618793
5454585
1416225
1192728
2862341
5971147
1348273
1085050
5172672
1723545
5836823
1700256
5267042
2813224
4410805
5710094
451475
6019236
1548839
17279
3291873
3987294
2238937
2833172
1136211
4754790
2015795
1759128
4931822
4861069
4431058
2041732
3740012
5408963
3360307
6019056
3448527
542809
165473
5389500
15695
4899055
395910
4571318
3095538
3082512
6001981
6021739
4328123
5280056
2209511
1171191
6021695
5889992
4665938
6004249
663031
6021638
909565
478288
623041
3782346
6008837
4806927
5921514
477
471955
4419336
3851445
5593988
4281779
3659093
633183
331277
5219502
5784724
5958357
104109
5607457
4554741
1295321
2148519
5518688
5732862
18771
5814180
4564299
6021742
5955168
5865420
5566382
4694807
4485587
2511718
3237378
5256563
6021747
6021773
4566726
6009025
6021436
246365
264985
4014959
1551496
6017780
2289969
1647528
1870641
6021026
2272172
1762211
6014971
706870
3492994
794937
420303
1059101
5899631
3626659
2183775
1091824
126278
5560789
1348195
2005428
4985176
6015153
1163786
4685379
2319351
5214864
3852595
4067761
20703
5676067
2993178
337128
1885835
972644
122005
5059031
546054
405623
5686131
4637585
487460
2303163
5418938
5993320
5768950
1265200
2897748
5967651
593144
1079221
3479861
19068
6009349
4847333
4017929
2204410
5946647
4142956
4062068
4495634
5862374
771073
5975063
2414948
3563414
1297743
1465756
3282568
318758
1581090
5527914
6782
4787126
1307262
2071317
2525337
1347928
3915717
2892132
3963555
1058246
450534
6016633
785241
4538770
2576254
2539238
4044830
1201647
340390
1046374
3001761
6014536
5908724
4241030
2113599
1296707
6021365
5614590
3925552
3005251
5476714
5069808
6019941
5956259
3426328
1374573
237034
1130378
4339917
387194
1318694
2544762
3790150
5328417
3713717
572769
3671129
2095534
6018440
4321820
3382204
5986291
252080
545127
6017706
1532548
4031562
4782863
4440874
1535251
5635513
5109957
4662759
5212915
800042
3698289
5781021
4662678
2681632
2307070
3657065
3906760
4164951
827047
4968259
1837367
1026535
868975
6006661
6003208
964222
1248044
5546714
1812457
2122392
721666
564875
597607
152602
5079415
106159
2352319
4647599
3269536
1296280
6019949
3813116
3656285
164835
1021933
5347263
517134
5095007
3279327
5772563
1524450
5863112
371250
2229229
5599402
5662244
24433
160665
4958903
546661
1037251
5921905
2649012
663660
5843673
978917
6017840
3114742
4543018
2741273
3324477
5916150
2446955
2217167
5964608
3921707
3395966
4809665
3713303
2630732
183544
987244
4348412
83256
1957846
324584
5691999
5644173
5914346
2591595
6012107
5232089
478237
4891815
6021816
2196751
1472537
3339965
3670112
661519
681444
819019
282328
5149764
5997825
454312
5972638
3834
1046871
5619736
3532887
5066324
233076
5035890
6009252
4145632
653856
5962592
2276527
10397
3701228
6021263
5396302
5130513
4418305
2540204
5730457
5865753
3218693
86967
2568341
5720340
1212012
5241470
892256
1808886
5755624
5997505
6010270
1422451
1029890
1747942
4408126
5958676
934599
3152130
627277
375209
1765629
256138
257568
2262126
5829839
5548397
1229315
890537
6021744
3832045
2423164
3876565
3807736
1154654
5924721
1904815
5993864
4174897
5995009
5019251
5930228
743382
1424244
5246463
547046
425285
4367703
3247703
1386886
1622493
829571
5911818
732771
1812270
934347
5765840
4435569
3623402
5317237
1569967
6009510
3932513
4539690
839601
1740177
6021825
2711295
6017633
4501700
5333643
5701973
989121
4657699
1201782
446703
916491
5836035
3776858
1344961
6021805
410511
6021817
4801338
1143956
3789676
5564562
5201238
4302659
6021796
1543197
5979227
2218697
2362804
13249
1514892
5204357
4426024
3440745
3003365
5442264
15275
2641959
4082723
492335
1743843
6012434
5937050
1661745
3811484
2176813
5860845
6021793
3368626
3477005
1066828
4248328
1850710
5133585
5627676
4483113
3599302
2822250
2074608
6021822
5857005
5970940
6021775
6019488
5202563
850943
1312522
204610
6021807
3205941
5475134
6011162
757508
2079032
1187415
1100369
929999
2762580
3625713
280244
3520880
4601170
5910004
5095577
5735829
345490
5033325
4782163
5161233
1230836
401973
5566668
6020221
3584765
2858170
6015821
5015238
4873680
1473559
3716114
2506303
2749397
1387413
1714864
3429430
2401215
6021859
401082
5521564
1544012
6007218
880619
5341414
4786271
4580993
440657
745
395897
93175
1179638
76051
5520728
187676
21698
2399772
6021650
607891
2270737
1259510
5043867
3598779
6020790
2274074
3446439
332578
5422218
3410396
988591
98713
5589026
3380823
1675580
214446
1185562
6004065
2737142
1915711
1371451
3210677
755600
1124711
2067926
402884
5304119
3636601
4277741
6021830
5597807
6021873
5788945
146073
3050590
4172629
104349
5759828
5126408
6018828
2485648
367138
440595
4468237
548048
4613032
1637105
5473088
4758111
4507649
5342234
5994681
5769903
4036946
5875219
30001
1684269
446594
1718064
1185383
121006
3880510
3812896
3899717
3853934
537189
1819209
3795501
5466049
4844822
1758616
5646799
3531333
4144616
3580870
4232862
5512319
5574129
5600318
4961217
5052692
5270839
246342
1654971
5011437
3336559
6021848
4349666
905488
4519566
599344
2401175
1729265
4405801
2526327
5676492
301832
6019247
4972688
3201671
3825485
4556696
3787777
5892036
299924
479512
797485
5046468
5021963
1860890
1342232
4698737
4194189
5600292
4137348
5368194
242762
2926024
861716
2856640
2351598
1377212
4646270
3552770
859385
3538012
3773893
4308453
5983290
495783
6019325
2504010
1174414
707727
3349551
694439
891479
5276986
3157841
3100115
4154257
1226982
789110
2571705
829971
821275
5045227
1328605
5752562
127863
1237575
5656818
4095408
1866193
4944425
3671143
4321319
5928420
5235574
5510127
2340612
587803
5208889
384118
5336215
6021897
113662
1716115
5416
5901663
2425135
5908188
1623130
5894647
5492366
3740179
2991525
4536000
5088930
6020596
1994845
1663091
794458
1586277
5685297
1631457
3798685
5655039
3814958
636762
227267
587415
1173513
5989547
6016923
616310
6020951
1283501
5639146
4090987
5982110
3807729
2349661
1030675
466862
1206007
1400793
437506
5085893
3016153
35913
4324808
2920627
2733906
5905316
681865
1593077
1143274
51816
5592265
3736955
1007385
6002727
411632
1856268
5928577
5990356
1073631
3874781
1180785
6021669
849105
2361316
942767
5844717
2677528
3452078
4410165
3985071
3997105
1583714
2413303
5135988
171456
5980570
6020362
1671853
4593267
788207
4853953
2528939
3294262
1019952
1937858
1445339
3745022
3398554
674064
802618
1526084
159094
1082170
230513
3058254
998950
1455421
5002511
10238
1610864
994813
599561
4937966
5868584
3764814
2521214
3663458
595179
3432678
183406
33522
5850650
548073
3272252
5389482
949275
897295
5963607
5001783
5927605
4546874
3399143
5097103
3892930
3821178
5511178
352131
174777
734776
2991319
5993518
4266312
1285499
726106
1113260
2014416
6021008
2858355
4968777
171950
3768862
1177682
6021870
3164655
5772778
1351745
4326588
4189003
316644
4685155
4125191
4770166
5112890
1992780
126014
75799
5162105
5964317
2684760
5944533
1206613
3871959
21336
5326115
364001
5828204
5875416
3832217
415864
1226882
1256219
3991287
1277274
186148
3807393
6008948
2652793
195835
416626
4518883
1672284
6002791
4892199
5891747
3199781
5917114
5996341
2300387
1331971
335545
3014041
1146363
5393381
909723
6014500
3740093
4202198
6017984
5949622
3551754
3049655
1485035
2696167
687142
5020815
5907619
3547831
5543861
370965
6021959
2141635
1062762
5813005
1058226
2643565
5918068
216513
2649160
5406012
4055635
4558367
1275405
322912
1950419
3540243
4850235
2253816
6020483
4947646
584518
360211
6021936
5020932
942296
1235256
4410406
2050780
1338062
1126841
756120
718379
2911913
1148055
5810015
4558709
2716377
5827413
1134275
3826232
3808821
5285778
5274
1154932
1752366
1933677
235671
365817
5233187
6021977
467900
2375474
4376
408011
4189299
1175077
4907767
3628929
4896038
676788
1087866
3558960
3620003
3508182
6021018
6015036
5746722
5142427
5823460
1697459
905101
1172798
5945202
5085393
5908572
5326369
3930005
2642355
1581949
1803030
615306
3362350
493122
5382150
4484349
1816721
5502422
6017207
3553279
1728790
1491895
5440326
1630171
867848
1146653
3557451
594509
4259856
153349
6011868
3161894
218589
5729091
752175
1993366
3628241
1783194
1602831
3826372
5876639
4960183
382788
1007491
5857215
5055195
804440
2731103
3535399
6008067
5810903
5270291
4485951
4058484
4336330
3032931
4679012
5634822
1054021
3577765
54500
2173960
2195875
5410688
439719
266487
4158467
4303162
5147016
1392379
6021629
4459104
330802
5301159
5108962
5349104
4117783
4157666
2204926
2981556
2099451
1818839
6021853
3030470
2771556
978486
3608
4258008
856906
5622012
5070577
2929337
3131443
975827
46645
4640499
2249582
4244136
965972
4777997
5480179
2009616
615160
3207
1848489
4007898
1168654
1029453
3269958
5292024
1631193
2415293
4537402
6020646
506712
4989460
2091346
1645405
442281
1129995
1886229
853330
1700486
1432497
348841
1646240
2847436
1905947
5097148
21567
5894420
2511294
330085
5967295
6021974
3437460
5927535
6021833
6020110
5558885
5730186
1461050
5697380
1161906
1260708
285190
3746076
2573127
553939
5101493
6021924
560854
6016313
3744544
1388116
451969
149664
2670892
3692739
1654265
529691
1945911
278354
3420756
3405171
5990688
484041
997688
511302
1523776
417362
981049
6022005
4516110
5433027
2687665
2379894
4116782
3176550
3292670
5285193
2781107
2520974
4110466
3371056
2546302
4826200
882630
4978821
3124746
5986677
5738891
3143634
5641619
3197818
6004410
3800782
4624452
3834536
4775571
2299431
937133
5724835
5219480
514952
4785110
5432435
445215
5491906
5929188
5539056
4376437
406912
5396861
6000713
5414452
608820
1569680
792888
1413395
6022026
134964
4182275
1196906
2274530
4624905
1346996
5885018
251311
170138
5588542
2393191
4122660
5440463
715158
2214693
427158
943927
3467701
334270
3090861
1529346
3387860
3178944
246811
6012911
524368
5404527
2169355
1166599
5730729
5833816
1307223
6021911
5294091
366904
5923007
4720535
1635668
3398583
5708171
4745776
5941535
4427646
5161364
69545
5934835
1866026
2844319
2679757
618653
4751173
169692
6021038
5231305
5321001
4272464
5925366
2082662
3564468
4446515
2947203
111024
390395
3783478
5769698
122718
510937
6010827
253056
4779765
2159510
938668
109702
3184785
1411607
5914047
6015986
3666410
5904113
5827958
6021953
3508655
69283
4552490
702944
1664624
2102748
6021917
1477730
1121249
5834139
6022017
4491661
5986331
483784
445198
3902603
3997611
2226112
