1627074
39155
3535399
3713717
13302
5614502
519413
5769698
5290840
2525231
2496830
5712472
4491661
5011437
510937
5382150
5351275
3232779
4544823
3924118
5724835
1886229
486845
278354
3178944
5891747
2351598
139459
2415293
5666987
5455605
1581090
5229523
6022017
663031
836048
3170514
5902982
5860845
6021793
17034
6021857
5512319
4342799
6008067
5690829
4473327
5658591
4108415
6022005
849891
4835435
6012041
1735141
3559349
5955462
4128945
1411607
4685155
4770166
5231305
3376688
699305
5404527
5459839
2099451
65694
472495
6001222
5646962
4062354
6021959
978486
219136
2991525
5718797
4853953
2025531
2284629
4397360
4137590
4899261
3755468
2615041
2159510
663660
1981832
267892
720999
5732862
1806780
5208889
5947160
2490286
436560
5108962
2226112
419425
1976941
5972774
2897748
4555367
4536955
5326737
3745022
5978708
5772778
546054
958051
3304426
3807736
3441734
341994
316644
1529624
309145
1217536
4151926
5930228
129570
5825061
584548
4753897
5506221
3016153
2474656
3314095
314166
784318
5986677
5916150
5659806
3840956
6010920
5275436
5588759
6021807
5980425
706532
5440463
5406012
1505939
3291873
987509
5740395
966703
6309
93691
792549
3563414
547331
758133
4777997
84433
1529673
3184785
1274254
3790150
3740012
3072904
5880506
5589026
5085393
5917094
3748349
4208058
5624578
5097103
1630171
5648342
5685006
2910943
5060118
4593267
1919155
1714742
5741205
3633380
4759033
6020448
2038901
942767
4387810
2895346
4558367
328397
5988952
188096
997688
797485
1553888
5453596
5946647
2204410
2929337
157247
1413395
6022046
6021953
4874962
122005
1764528
1035641
2336231
1081532
253056
6018860
3598756
2541573
3122885
2227743
5696948
5095059
640733
2767207
4356040
1529346
406912
3919155
4936696
5933125
1144035
1654971
5983290
3710865
5961327
937133
2408867
5901356
5216801
2515572
445215
27305
6019891
6009349
4895939
888990
5850650
818326
5182710
1758853
4037348
3971496
3795501
1172798
3135983
4146722
1432140
5941260
3552770
3397351
157328
5020815
124319
4507649
2401175
1729265
5827958
5935782
6022085
1005102
4580988
869621
5326354
1771795
547262
298275
836390
5770993
4910279
5617140
4937966
4110466
1219176
4048947
799994
3975197
5929644
2711295
5985522
6021775
113962
207421
6022062
5475134
2981429
5444416
4193439
2095534
5178780
417291
1126526
1837367
5138179
1805822
1229448
1455421
1030675
5598864
2322966
4910767
4648896
2483038
3410396
4189299
1175077
4328670
4601170
6022094
6022091
2204926
5517633
4484294
5223376
829571
1607442
5738278
2608451
5875416
4828276
2252830
4730700
5303201
1746830
3506117
3201671
865617
5067542
4472907
76051
5443928
5930685
6004014
6020148
4920943
3081073
3838691
5959470
3086691
3961641
5008845
175071
1376208
4116782
3437460
5864136
141022
571407
5143135
4745776
1584263
4950339
330315
1414562
6021836
4825103
227267
5279257
2057919
5967622
2900304
3134977
2592042
6014208
5513630
5908004
5264977
6012533
5783725
5497917
1761307
109702
3402095
5907459
5233187
2299431
2300387
3626659
4449417
2608479
5079239
1991143
6021497
5857215
5401992
2014416
3199857
1407478
1652962
1668849
1209018
6022107
1311025
1503846
2428333
3546044
533941
5874937
3994528
4039065
1492883
2836621
1114338
5912092
4218017
534386
5734077
1314508
4646270
794458
5606753
432681
5670971
4827735
1814561
1269365
5765372
6017633
5698756
4309119
2169853
2573127
847845
1648895
5993864
2253302
247002
2435473
4334348
4681491
1447675
1177441
2700673
6002727
3797140
2854632
5091505
5644546
6007671
477037
3906755
1278748
488397
881558
3349551
2659893
2606013
1473559
1724749
2512380
814253
6001062
892256
103753
2535335
5071200
189205
5956829
3327620
5553810
3082183
4613417
3586018
2462996
5050667
6022106
4535797
279966
1045780
3918993
1153513
4688881
3001761
5046395
5034964
4159337
2151648
4535200
3314508
3002139
5962043
6021315
4866667
5389997
5056876
6016313
360211
2706569
559676
5966525
3194150
3209658
1593077
4633628
1351745
2283629
373528
424937
231885
104349
5865129
3527705
2692688
764486
3956566
4669839
4382240
480982
479112
3282507
702944
2530539
1680976
5521564
4308892
22656
5430981
1623130
5894647
1338
5502068
54964
546084
2134421
5991334
2649253
3702797
902224
569077
5875219
5303441
6018260
854791
1560233
5887528
335858
2470925
4573629
348796
5229926
187606
2559851
561259
473201
522444
595305
592182
3203213
3785072
5340808
5480179
259769
3963555
1400793
764516
1329340
4613933
4217999
5706835
1063742
6007218
4134321
1668622
3440745
5147016
4272464
2189127
1775531
572180
1060489
1371188
5928398
5891223
1659500
202705
1786727
2016456
3898286
660921
4596494
1135640
886917
905488
5452365
1422645
3939615
2883898
1389357
5919693
5575536
5973334
4945232
5909396
1089202
1959054
610837
1250929
5879144
2422776
3529474
15393
5492143
5733883
53943
1500583
6009898
1193342
4811466
5898372
5164428
3436535
4247945
5586791
706870
4303162
663864
2899115
1716777
1267231
3750125
5171219
2175658
1945911
1217087
5765049
5304640
5899631
949476
2766511
23616
38206
1352288
6022124
3313064
5848664
1048200
6022153
2648420
2851937
3808452
982161
5046468
4936905
3699457
6017603
93960
3795036
2245773
5933320
2783370
5571461
4055635
4577854
2349608
5879270
4717441
2727278
948243
1673785
366904
1134565
3751711
1034897
2527905
3872311
1344961
641955
2901207
99812
193789
6236
3598779
3679629
4971962
841108
2641959
4082723
1355707
743382
3152529
6008948
4985645
4750911
4946896
1761687
183934
548048
5893008
6022117
4669748
2071317
149392
827593
4090987
370132
714965
5336818
4979592
2661868
3592020
2536357
6019004
5671537
288863
661519
6022130
6016987
1105011
4790217
2815635
4931135
1484384
115866
2317490
364211
2005490
2420002
2145624
2418066
6020861
2331331
268093
5730186
2818901
505154
451600
4697585
351330
5418536
6021409
1064910
2677528
4996248
5778658
5619736
5867126
5844102
5316949
5900517
807126
1530024
905902
6021340
1528988
5971776
5002508
2906802
2129970
1331805
5172820
951139
1981274
3778613
6000713
33499
1412966
235671
3602352
6019797
4440874
1770952
1261456
665031
3402493
793891
143931
3789665
4038191
4248328
2533548
6018983
5357186
5720205
2119467
1892607
5887161
3578245
4546874
328848
6010239
6022146
5723503
1743880
3573122
2637838
355230
2294360
261052
5676492
5986816
211116
3345164
1260286
567084
5111896
5613116
5997296
5384317
205233
3825016
717902
3511639
6018048
4838189
5996765
11683
4646662
39701
122975
2641570
1622493
3498996
4029967
5115392
2695329
4172870
1691517
4564247
5784166
6010075
221700
6012033
1677912
5990483
6021960
5986331
5858402
3410196
5092539
1804075
3125113
4158467
3027593
2453661
2387127
547231
2069064
4877422
1514572
3713939
266143
354554
4522420
5979995
4917079
5716932
2254668
4893805
3795926
3508612
2050455
1542532
399658
545127
6021817
4922375
6008984
4594990
3479670
2745538
2279954
4675736
5126408
1067003
347137
3838163
278842
6016071
5456365
5196736
5772424
2901002
984830
5006356
1205581
474349
2361316
5786223
3582362
2367041
5285193
3646958
6022205
3082512
4583267
4634958
6021678
1081228
965972
2842324
938668
6015629
3877942
1889213
2497129
64644
4146185
3666387
6022204
1939754
4586257
5031324
5527242
1697572
390462
1176436
4675269
2590568
909565
5795787
159072
5447154
2688755
5427385
3510736
1849202
1123460
405623
5686131
6021911
5826131
451475
5867776
1244302
4615298
4680950
4933038
3095538
2961675
594074
2396264
820604
4329376
578411
819161
6022200
1229315
142637
1692179
866800
453741
10673
1582024
6021917
2229229
6001533
3997704
516548
504133
4762957
589259
418096
6018651
5617035
2904103
2704766
1230836
6021964
3470178
1221248
5031275
3929826
294884
5655039
286149
341750
21945
3807729
1049170
2173917
1267068
4371880
421642
205608
3274824
3174123
674064
3764814
5981753
664368
5134796
1525602
596247
596781
876739
559784
4775103
3970380
5396950
506413
1643971
6021156
6016655
505088
246408
5735514
5834139
2490497
5982920
2209876
2185513
5867572
5393381
4357259
5968171
5990024
4604579
1196906
2802040
4826828
1187415
666818
2239174
703382
2307647
2124310
1816514
5359233
5418938
4183575
3508182
771848
102205
278470
5002010
2352108
6022234
4262407
5921905
4467741
2250167
157882
557657
3814958
5944814
2022885
1467267
3624549
2851245
1682924
5117825
597473
147792
246342
202859
3641454
1610548
1113246
2378649
2294657
3842411
5466118
3663185
5990540
5923967
5327287
6022009
775345
6022240
2732801
3448637
127863
1237575
3551754
5868628
5597976
6021970
2655583
1090395
848309
322642
4288000
4758413
568362
3395453
1093528
6022076
462075
15785
917089
1800871
1910004
4296447
1067943
3157709
2664437
4263818
4968291
214446
3291269
4262421
4833
2528939
1327739
1913457
5566382
2633909
2522457
5043867
3125880
1348273
5317237
1569967
5831676
2964963
6000308
4466893
1421957
6022227
5792927
1488118
2684539
4264884
635608
42782
4924793
3132781
2116350
2730306
624459
860478
2889668
3424751
5700620
253705
1666691
5133088
217408
5980726
4422347
6018671
1888983
157274
89586
5975006
3501546
3943312
2250190
248567
5678785
3735424
3425110
2130256
825920
1183867
5743760
4221420
5145923
5234224
4154146
5892484
5157221
711654
1560697
3929782
298143
4505733
5776545
3425536
5642860
3275938
2290372
273962
4012106
3204551
954442
6022165
5726286
2879838
6020597
5883282
5470194
2469638
5637321
3162918
1862259
3324556
3797778
3100115
477753
1870803
2100679
3921707
5008846
77200
1243762
4301079
2487038
5915102
2127508
5022265
5931091
5379340
4449777
215741
3852595
4904284
837133
6021026
5737654
1021933
5914346
1001165
5529084
1305031
1922350
5817888
1220787
555045
4124290
5309984
5905935
3371056
916470
5961147
5335589
605213
3233827
347717
3439849
4882052
1530532
557597
119958
757974
6021819
2663692
5934834
6016594
1826376
965051
537189
1193518
2057516
5987548
2180721
1299158
2649012
5841127
1147286
994107
4501700
3452078
511302
1523776
337128
6022263
2877241
3360687
359175
5788789
1018188
2200733
1915075
122718
2682166
7552
2238178
976330
2283319
5390819
2415415
1267329
5960067
4436218
5936696
1113981
4892199
4008589
3597276
3706129
3383467
6022220
23060
2116262
3734244
5507259
4232842
4115669
1466854
297765
4070848
176646
5226765
205185
3530803
5982288
2007043
1403546
3179492
5433497
4802649
5629881
5874001
6021669
272109
6022235
398670
5851799
1948562
5647401
4266312
1305969
3290339
5748388
1427878
563766
267304
933951
2900893
5657229
6020483
3091468
5634822
2983435
6021909
246242
29407
5844795
2912466
2247550
4134274
5328378
445655
2579650
4108694
6022278
1873365
6019372
464581
6022269
439963
2102087
5428601
5873231
3050085
959734
3553279
3529831
2922611
2838606
2030635
4554741
1082681
462951
6022254
413251
2697571
11182
4502237
3761330
3128164
5218213
6014557
1534017
2218780
6022026
331556
531021
5547382
4891079
3615605
3074280
5895286
1797425
18771
1397843
5396835
199360
2653
437506
1484184
710275
3107430
3565696
4523799
3571439
1288869
5282243
573032
5908572
5392456
5869427
5651307
5055978
1216830
3751576
5994681
1408651
6019283
4750355
5460277
474597
109970
1492173
2141635
3119050
4989460
5915572
4756930
1457439
181221
391401
2087551
2031172
1034658
1755598
162694
4518274
1957849
616310
2259057
2839689
3936958
1692042
5765017
5657755
557534
206403
3630230
3747990
6012911
6022303
4738012
4766262
3892606
466862
5070879
1887370
777782
349733
1685160
1048138
1565698
1193075
6022013
222467
5230894
4964651
6019089
4278528
2340598
4302659
5349215
6015061
6019293
1996490
2889738
3929340
719662
37213
1571407
5975083
1135714
6022291
1094772
1361250
1520197
1924904
1590303
4363634
4716084
3577765
2201041
243373
3740127
3598286
1591616
802050
3584131
631527
2782028
5066324
1569150
3822188
149436
2045079
1362568
6022033
469230
1678362
3059623
1221571
2588732
3043870
5635892
3270057
1376499
1815716
5923007
5722169
6022125
3937
2181514
1260204
6021833
1179022
1664624
5584394
948550
3946482
5574609
2004530
2106516
5599385
2710154
4014213
3881866
4984782
139985
5600880
5477649
2657121
2113599
5293637
2530848
4205270
4043556
507169
422335
2156614
1815311
3545273
5144720
3378227
1275778
2155881
1121249
85371
214526
5483305
1181435
3515851
5694410
4318166
146073
3050590
1180054
1451247
5398110
2858170
5083643
1628832
6019644
5348534
5896501
3882147
414744
4758576
3866447
614860
136285
1235165
2143262
5649582
5638068
5765409
2756353
3820670
944919
2040496
3146649
2557145
5642618
115145
1287383
5257515
1374416
1910135
2301250
6022265
981049
3378067
247893
1455661
4495081
2253101
2948765
6022326
1559401
6022347
1110423
14104
1891133
1038178
1727092
2392955
3304471
3762805
2016562
1094271
1012435
1184030
1100397
3764804
2196751
5380027
1387346
3078121
6019825
1683264
4681800
1175966
2915302
3208719
5097407
89256
5974866
6018505
599361
89999
6012356
6733
3538012
2424424
939860
4937981
1789439
3767076
4787510
5684370
5450589
2313177
3739901
189362
5406531
5031883
5590224
5924721
6022280
702638
5458829
6020259
3191577
546861
1982032
4831822
6021008
2466431
350351
5326369
2108972
265333
3853934
418556
98713
3944414
3661196
4307249
5989633
2691039
5921
21664
4050456
1784138
784753
2909905
2030321
2057294
5306110
5176549
562139
5664563
1066915
779572
4990512
4340578
198183
257182
2130750
1197518
6022380
21755
903397
5980603
227299
6022345
267000
2279187
218196
5797856
97073
6012648
251824
3252835
274994
16632
1838509
1771213
291779
3423324
1935435
193619
5418359
95954
5772928
5566997
1037200
439005
3846228
740651
5902637
5894513
18747
3580433
2544369
1158922
1869097
4018494
1466265
1503758
1802462
183840
448934
958954
5998354
4700156
1818572
24587
715158
5908724
5695561
884372
1346996
5923558
3294262
976850
4450098
2864275
968011
1463984
5336215
5799642
5214807
1296707
1434539
6013525
4420124
6001220
3993279
98516
4395661
3424025
1503994
462627
1992780
147192
12242
2002048
99354
4417987
5919177
5942168
1088836
3695849
1399457
5656796
6004571
5059031
5770147
676195
1908746
1493382
5354012
2442099
3953904
946850
2290059
2457382
4200001
4552639
505152
1288722
5827506
5766904
1778341
4985241
4586387
2156693
5219502
625261
5650793
1342159
4721999
1088499
2144669
3235832
2924920
670206
3851706
3739043
6022087
2392691
6022372
4620080
6022341
4414935
4421
5785362
3933627
3428668
849105
2713574
671457
1339966
1526233
1529657
2433843
3244046
3175019
3268256
421524
5641865
1258041
4599824
2533275
3160747
6003135
1679849
1584654
5777615
5950754
5482962
768935
5990688
1793718
2220806
1818839
6021084
5383667
1379931
5891528
4607153
6017383
6021913
3860741
1429487
6020789
2022437
457268
2970987
2708182
6018871
5784724
234466
2209634
114664
1925257
2151557
596068
5793041
3403568
2903753
387194
6022307
569998
258741
1260260
5575109
2836288
4691358
4826200
2292722
3042313
3588613
3024660
2562693
166723
4410165
905101
1875391
1829442
828361
1824524
4869879
5827562
1451599
3014719
1221594
5518378
4354249
5917888
453005
497398
337134
1708943
620382
3457750
791121
4549782
6022395
732935
4892525
2899618
1706987
5528593
3258926
4244467
3152587
5732537
5720340
4920521
62600
10659
2377164
314056
1338292
5483317
5885227
1685051
1377323
4928576
4233834
4406595
5051310
6022377
5900271
1009922
6021375
1364007
2587435
3222913
1315962
1114460
1961413
461181
5644961
4963588
378024
983912
4341283
183406
282328
2692339
335561
1070452
4871939
4774918
5971038
4794
404970
6020987
19068
5055195
6022059
6022161
5741681
219401
6006661
1307262
5726392
6022370
3987294
839601
2395880
4578902
3457405
3736955
1037016
5892359
3770506
109374
2939061
1218864
2057535
1816580
57695
4607381
1646240
682515
2144578
6012165
4183485
3227631
1021300
1193809
2369470
1818688
2056178
355232
4477850
6021744
2055782
6022398
1928525
2299489
5590309
918910
6021249
387175
34435
5816153
6020026
1708960
1329813
1078565
1139219
2130871
1745672
4252869
1544563
4014959
5524623
1525423
3836111
4467949
5849987
44289
3899583
5426240
3501958
5563359
5938497
879601
406987
1172541
3037533
1644045
772035
5294761
682446
5313087
1552594
5073803
2542702
317605
6022408
2316642
5596068
3011380
5836391
1765629
210865
5951059
3405471
1137475
5444041
5828204
1059070
300257
2182067
45375
5810015
870729
4740633
3475758
3572210
5546714
758323
13508
5020085
1617127
991727
2796487
6017947
335305
5955880
5229870
5889530
695408
4862056
6018576
593144
2792531
4118249
1988825
6022443
424957
62576
5057502
354577
521799
1819209
3346651
6022396
1427626
5162616
5006016
4644882
1897870
5917011
3075834
5351136
2678527
1252723
1288589
3168859
4653978
5845844
5928038
1146363
1077679
3382204
4372837
11799
1984608
1148648
6021365
2391859
2848190
745903
5764128
5330357
563088
620097
4458760
5454650
2486322
2629955
5008114
3529323
650046
2148519
2158982
5495523
10986
1582206
6022470
650891
1572483
1613511
374198
6022401
444681
1938605
681865
1988185
5621781
4094678
1886109
322912
1937437
3103548
4677278
23771
5816334
5028278
6011348
4421782
3810466
5105555
5279623
4941747
1891677
754119
371250
5927535
2382803
2568341
2596711
2197210
913134
5734570
4306076
290221
4600
5573553
9642
1537612
3969795
3344003
4582220
4664694
2912291
1167596
5202563
640595
4150685
2847436
4803880
5966289
3732271
5590300
2175997
2617205
2857238
4961487
5454585
5627335
450758
1641854
2469027
1995300
2020930
632951
6022425
2615676
419116
1005559
5778523
1084416
5455629
1745544
5031098
100297
303095
3821804
5082337
3309790
4657037
3298385
2759075
3284707
4689835
828193
4525120
1466415
428928
5745820
1714187
3395966
2920648
506796
5319929
5044042
1670053
471093
6021263
2988730
67579
3596965
3398917
5219345
4016395
131930
5890887
2539103
5620296
3878405
219083
5026327
3069232
111110
202919
191888
4779765
102302
4016285
5032339
2790078
3732556
778560
694576
677202
563136
1078390
6022000
5615834
5697685
6015015
556573
1167741
5410035
1212815
5156176
5940193
2669440
145346
5701016
1053968
2667536
270986
459750
4819389
3716114
5245955
4003407
3763606
1761022
5598851
734069
5507019
3740179
5021963
4851350
3763293
5760381
3759779
560648
2751433
1786596
1308105
4959736
4233693
224409
402037
5008997
1874819
6019363
1422451
1898494
5542538
1659298
2062407
216464
4931657
2976878
3063910
2750477
5965348
3398554
2209511
2160440
2805519
5165511
5865420
5348749
1091824
5894077
1630618
5914037
428073
3618288
1720534
5406885
4345344
3763608
5987052
77264
1046117
3785314
180719
1033737
5755703
918860
3579
941240
3752988
1847592
5963435
3152130
5814197
2196124
784668
893254
3617886
5797871
1565503
3939200
423955
6022355
235334
1542569
5916196
1111795
383522
1139830
2740453
3667257
224132
146325
6020935
4967207
5311608
432913
31474
4771606
16007
5432435
1460794
3397552
5280543
5810553
4188368
5743988
5875578
5714642
2564301
3791372
5156908
1019952
1714186
5442445
5886910
1126841
2156952
1566267
1326536
384724
1204446
3835568
1087745
6022387
30440
5466655
4728286
2960335
5915915
417501
4486343
5864269
383847
187997
3716774
738639
321073
5264317
1756496
5078390
2401769
4406346
6019887
1415724
3324376
831917
151093
195932
4064416
881731
3874781
290072
172145
4756309
4532996
4178623
5941564
6022485
4279
2856379
1635668
536291
5169668
812837
5959625
5730859
3104272
2534694
2312519
2353967
5123432
5758478
6022139
3081206
5788588
4502878
6013138
5852162
4947216
5381756
5973084
324584
2494803
6022246
270143
2828147
1614998
162698
5827768
2827823
1161635
3245111
1516856
5130164
642706
6022245
6022492
211324
712294
1023019
5389500
5333343
865505
6016507
5889992
3146840
4766000
2551215
6013332
3628942
427457
4194436
6022382
3207
3917343
3098902
991992
5650878
1063392
784588
2613577
5169265
1431750
4737012
1976975
5873603
778144
1600898
5885182
5212479
5515607
2025481
5521245
1011697
5628226
4109616
5333147
5570930
6022481
456669
6022472
4706992
1452893
2273711
6004560
2973509
6022534
3490612
3010475
155423
602372
1098622
887128
4863783
209103
5745621
5877828
5430330
3158963
3887516
5880194
171846
258483
735336
1055018
5977100
6021974
427158
452307
6022490
5324369
3388138
6018037
2303664
3258604
1077309
4289880
907243
279259
1094261
671543
1071104
611545
1938359
1035613
5724813
5218716
416192
6013036
3210312
2593536
2099512
211665
6022397
1190004
5925366
3822526
340390
1046374
5607680
2105790
165216
5799671
289545
2568521
5028339
507028
3264219
2245190
3158900
5766566
1715409
3157307
3544612
2263250
3598119
5032278
5591032
4949630
3970411
1786107
2000546
1749264
1590077
634146
11654
1137904
1965761
499466
236131
3305976
4965106
337149
6003980
2520974
2681948
4932376
469935
2468587
3648690
1435985
6016761
5994041
5990384
4076315
709413
1973735
552092
4146679
2531341
6017125
526724
855225
1931740
5993323
2072589
5726811
1254147
528131
2225104
2943445
6022274
5228843
3933332
4753570
5886041
4370279
5964516
1371451
5466049
837534
617157
4154257
6022201
3884487
5289524
3997554
6021018
3711988
5720226
2951191
88374
642070
3390630
956144
3278044
3905223
5752562
4560619
5108796
1998842
6022565
3671997
2948212
3759362
4204026
5422374
3500874
897295
3717363
388520
5903434
2308683
2147769
1663942
3569554
673271
4786292
1544012
3257186
4211161
6022456
6002440
4360401
568283
3284878
2382115
6019584
5718582
1977887
4431058
3760297
1999155
2413303
6015818
4099454
3290925
1543816
4269882
6018792
857238
999595
4428705
4616889
5069269
2796922
683261
694360
871096
3518452
5992575
13070
5993666
3720222
4229509
878126
94363
6022583
1289864
964243
5025129
158297
2293534
5991086
541686
5526931
3110834
2758833
690553
55159
868736
901925
4709338
210091
5878796
5461000
4277741
1126663
5319114
1205871
1014586
78374
5937715
3501422
1870799
3074532
3832045
6020665
3877338
360826
6022494
1978703
5115830
2076848
6022526
4464702
2298070
202891
3545638
4401956
5736763
424430
2608294
219645
4914439
3225260
5168011
3249250
91585
1173037
440558
3271600
5433875
6019607
2454455
5255988
4317867
664481
3765772
4785110
5091073
155547
5254458
741616
1548839
171318
4636130
4138058
2033087
4223471
1092772
3973269
1424027
5880775
1846747
5558189
2170491
1593860
305038
3721755
5004880
4764729
861116
757100
4270405
5993870
563329
4984832
1741028
2107876
5969755
3111051
5482356
576911
1120273
4726745
4919237
2456918
59439
4908802
1377101
1202968
5033325
4077574
5672855
5180840
3120646
3298962
825359
2035262
2202512
3733721
4897777
5745748
1971322
2771556
4150352
4620771
2982773
5083136
5132804
4099541
2537154
4380481
5937287
5921826
1882311
1068367
5835462
306753
5002958
3522312
3993662
887210
2538939
1759128
6005119
4930327
4249374
6011947
6022577
871026
6022564
2795909
2382136
2666210
2715393
4008428
3102952
4214921
5657981
5328348
6007383
5915850
5361412
2234568
3080770
4754790
6007783
4055329
2978891
3221695
4799872
3736540
3846448
163024
1627079
41942
5432806
6022616
219159
4337247
5975699
677561
420303
1272683
2098932
5600292
5084274
2535356
5073678
4744038
513951
3314143
817643
3413092
6013702
2832282
5478959
601357
1207908
2207234
448501
1043342
6008337
2648077
5504652
4928877
2439679
2890201
342384
6022639
6022590
299924
2170324
2170440
480632
4600618
880990
4142924
6019603
187854
979580
5448156
1090166
2732966
4419834
2050780
4238310
4558709
5858205
4199243
2096695
5471757
2030219
4117756
204512
5433335
2622234
4743014
1069153
2632266
2509472
1710221
3835864
2970789
4059899
634576
4439978
6001831
3406576
6022580
5332500
6021862
2828599
5782732
5964571
1941756
4457454
5157519
625350
4020959
242112
85785
784699
3403603
951890
5689962
2352699
4101552
765368
5908495
1380752
4886678
5606813
55267
6019425
1936343
3984780
4148965
1775336
699215
3239666
1106925
4488954
2164642
29975
4326588
2352379
1407020
629003
5464538
862787
4201498
2260568
1498192
672841
2238770
5651109
4662903
2051058
7841
3591953
873165
6022650
2615824
4325716
2625442
535480
5716474
119123
6022221
296848
60281
6022658
1055118
6022665
2900196
5961823
1798593
1870760
1134686
6009232
6014292
1875792
5154806
4612064
6022299
4907452
2577687
3192519
5645988
5962715
2485643
3775079
6011397
4161024
5223026
938959
6020038
15754
560768
1791551
5778201
257924
2291710
5519481
1018290
3945433
5231302
5471709
3821178
4813123
219743
1271826
1266985
5655661
5967438
3671842
3670112
1585957
826983
122101
4501480
1226242
398469
5633497
3960404
1139658
4260896
357403
997668
87427
5413537
447901
3551386
1015849
5610655
5555200
4924035
2813988
4668368
548225
2576254
407650
5143847
4158503
179148
2805033
104380
188246
138383
4329847
3004881
5866886
2722213
1296610
1866193
6022674
648955
2574340
1599766
172999
2381279
4985176
4884093
1002122
2067976
2190492
4588681
6022638
2218697
73226
1985427
2074608
2780219
761212
3285730
2127296
5767388
6022629
2480090
1562904
2646539
650405
1030576
2785528
4577905
5335501
5527914
451042
5152732
3080094
4679730
4062567
2218124
455493
293099
5941805
5891888
5186820
4570329
3277437
6018594
4344465
5959905
6020045
3155933
3977529
1704745
1579670
4933827
2770850
923920
6015724
1552837
6004486
2610678
2390182
5993677
712649
3296621
4620309
1130801
5860677
359219
247643
1457051
4381034
1438462
4627684
2801316
2278029
5233410
1255393
2319775
360067
4796963
2016408
5640141
1918759
1658110
414062
6022643
6000978
4993010
3620003
3227092
6022697
5103110
5799778
1777008
3496310
6021235
5801015
2979617
704848
5413116
3014041
4580942
963864
2505053
480691
5402554
1937249
3220113
6022669
6021167
3858484
603977
3651151
618162
4577762
1475630
5799647
16363
2355510
5100115
6022690
3918011
3670132
1525840
2025125
1499698
433253
2161298
3882744
3633970
2755616
4587173
1147273
5301040
4452774
4724181
1327678
4190526
4948523
5472522
393267
989659
2195180
2576430
6022680
5923139
3695819
6002163
6013492
622571
3271687
1786699
5293110
3556394
9913
236507
3141187
2300730
1999671
5199474
3453342
2310830
5660609
3449832
1169233
4066269
4544824
2097780
272023
3955287
3079318
230340
6017988
1360817
989121
5989602
3342937
5948339
4611636
150435
1310267
1263211
2125837
4559115
3160178
5767902
1802348
4359021
2524408
2444099
1166090
5888956
5229124
180286
1364748
6017490
20446
2297008
2423164
1786065
5872428
3449772
836318
607314
2500724
2756205
1639625
6016779
1698799
4624057
1509264
208880
5914939
3973283
444079
180100
3151675
1110687
476543
5054239
2259092
1177147
1477421
371973
155937
54426
5080940
5942859
6001214
1902969
3299482
5246463
243532
4480297
5674163
5446873
863967
2413201
4433386
6022707
3585378
4600982
3165035
1733263
2804672
3138436
225242
3127813
6022681
367401
5839022
1068510
1695960
1479092
1326863
588867
6016727
1876949
5998425
477878
5972231
5413498
5890924
1844634
5866968
4806927
3248111
2371601
6020698
5696792
6016421
