2336725
5903434
342384
1696972
1684269
1175966
4691317
4453584
3597276
5984964
979580
984421
1538099
4593267
1566221
1403990
1743880
3645375
1172002
569976
4015511
834518
5841824
2005428
227267
3336559
5587809
648265
4162534
5267744
4509457
4815718
1219012
4644312
5721436
1218864
5426260
718349
1806780
4616611
1406188
1587426
5725318
4298340
339119
2099045
5293699
4269882
442070
1070452
4931474
5924721
5894513
559676
16406
813385
115845
5294252
13302
5326354
5928038
5492502
4701789
2827823
2915599
477878
3154004
190597
512652
2096752
6023289
1840628
5006469
1392423
5540292
3437460
5835582
6023371
738999
2060725
5221149
57695
2559851
2970947
5806890
3711988
5720226
4262344
2625442
5741205
5407350
939630
4977814
1172798
1376005
18157
365265
1319163
4317867
201657
5423932
1870803
4326588
5592873
1394729
1939922
1770246
1076279
5629011
1876155
2642351
5999192
643039
1393766
5655880
2939061
3900322
5682542
6021107
5708223
999246
6023292
1918890
3891431
5178805
80274
3745022
2563754
5182828
3300147
5752562
5551505
3314143
3226932
5980010
3060325
5784724
115049
299209
5157478
975109
2218546
1289485
263693
812537
4496394
4406346
982161
5831040
5090771
6021360
2667307
5922183
5910958
226086
1472779
6006016
4279
206417
1415724
4648089
5798503
4907767
3371056
5948034
3763321
4681800
1144035
3304426
256970
2423164
2273711
5382150
3069232
119527
5935459
6021695
3778613
1483084
3301344
270986
1861013
4603670
676195
1126841
617373
799921
6020757
5890498
992484
4215088
5997825
965051
2254905
4118466
1831987
2026293
4624952
5966609
5838834
5403466
5483526
65387
5967915
6023451
1405065
3250561
1968182
2002198
2388661
5279605
1486443
1572657
3418066
1564919
5865420
1368709
5801516
6021819
2991525
660921
5181462
5532352
4086774
4357691
2234104
4607153
5535245
5998789
2046858
5951795
3319176
1603746
1816580
5985542
6023485
2969544
122718
2558882
2868352
6023488
2802040
6021165
5077953
4270557
740553
3389848
1812457
6020197
2141635
4572570
348375
1338
702944
5329137
2755607
6021934
5380027
1387346
5741681
1770952
354577
37213
2820195
2189127
4376437
6015228
937841
3545806
3986708
3310281
4532996
3027001
3528438
5111253
5958015
6023454
5743988
1245120
477420
3051041
1687972
3215527
966179
1814930
4753897
1846747
6006560
325320
4187423
2556428
2181514
4780686
642070
6015572
4891079
5770147
5098052
90559
201359
510937
5993652
3723423
5218213
4409409
4563974
5306501
1745672
3896269
1796
127525
509710
5890218
5949116
5644794
5081236
5864993
5922196
1529630
3928712
3001761
1344579
1073631
2259057
3629249
1045510
2020118
695591
5576513
5942859
2929269
1641867
4856581
5768335
5942452
3956070
388661
3929826
2037924
3653950
129570
600545
1549310
4613933
224132
5066389
2309917
3088349
818827
988941
1221747
568254
854276
5924209
1549486
3032289
6009025
1030675
5999681
3003365
3843097
3832970
187740
1444191
5337563
2498782
2800058
5759828
634824
3405471
4561132
2238336
3973137
552792
5118992
5067311
4725496
900902
4067967
6015300
4846622
5446838
2069064
5426909
607407
5511088
2305399
180674
4288994
560648
774499
157328
3510736
6023350
2454790
343204
3740179
246811
1461008
1773603
790387
5380019
4419336
4477850
4444267
1678053
4646662
1823524
3156750
3134909
3777304
23109
5266538
5779868
5344058
87464
113411
4820657
2309309
1236924
2051058
2435473
1176156
2716377
98713
607213
45375
1467321
3078121
670206
54964
1714514
664448
2162938
1067339
1801379
5731490
865505
577181
4508178
2620361
1104328
180036
6023489
3152071
635608
4276647
548894
3984203
5958492
1202206
1914223
2081462
2427757
5187435
4931701
1320535
1901071
3836111
1139830
3591953
5459839
4482905
5108517
3581485
5708768
6023314
1847592
1639625
6023446
2913306
5152892
2732801
4142924
3068500
1297830
6022211
4413446
5339164
2325924
5264388
5866175
366904
5433277
498796
5996270
4049851
6022546
4264110
6022872
3001626
5934339
2535335
2844144
3441905
668954
1661745
3811484
1315370
704831
3396821
6023332
5946384
935687
4738732
4064778
2985195
6022788
6011572
4816775
300290
76051
841108
2034192
6023521
3313834
5233178
5050667
5311083
2449312
2932012
1432140
6023495
6016172
128511
7841
1904089
5857307
5906793
3936732
6440
3436535
5165766
6023467
2101084
5484387
5930170
388389
765075
5491906
3142816
3648690
2190492
63550
5964624
1547335
2122392
986642
455168
2066026
1416013
5711683
3979919
775806
5651307
5055978
5998425
5169
51292
807126
293147
945172
684096
5780616
4330449
2994949
4211866
5668691
1447675
3554147
3685310
4258196
680268
1038702
5724258
6023387
2129937
4539271
6010517
6023533
3518452
141172
6019776
2780791
1246862
2064171
912104
1560536
1953163
5361412
1046057
1116364
406987
5880506
4569307
464581
6018679
3077495
6022910
2840384
23649
2480458
4484340
1560697
400617
904393
2735805
1424244
5661244
3446439
5699456
5916150
4486260
1540197
5668187
217408
1882577
5389997
5095577
5827958
3480168
4600982
485732
5878263
4905601
2743307
6023415
3923896
1009215
640595
243424
1426193
650492
474287
266254
237950
6023470
419956
5464538
2827654
2686238
175611
1603357
3220113
1315962
3808139
4683460
5979666
4258081
4398697
5890708
6023519
82548
1920758
3395966
5810903
4537655
2352671
4167324
805548
207421
1057951
4011728
5650878
271504
3803447
1188247
5235868
1120793
1920695
1797006
5951424
1187415
2191565
4825559
5186565
5863556
4145708
1670129
1195206
1764142
1245240
2385479
2156952
333253
3728078
6002754
5536767
695364
5822440
5502615
4706711
5872515
2706707
5865593
1727092
5031275
3158963
696632
471199
4672263
6004486
918959
5172538
2156614
2991319
2516474
4917254
2444099
156755
4777769
4808573
243755
4955073
4671289
5673705
5634769
6012434
4457561
3383315
1002936
5455544
3114742
2805154
219187
1570250
2352272
505088
246408
205185
2547362
2836621
3588613
4954761
2368714
541091
2076854
2781524
3324556
6001772
3933375
5460719
5899631
3626659
5735909
819019
6020362
4207890
1695906
692751
279627
201506
783336
3552770
3240928
2887618
1477667
2899420
4463167
4149835
1559401
451600
4725875
6022523
5161500
529270
2912466
2247550
1236333
4531787
3787445
1832539
2645398
5987899
6023471
1478764
3278732
1169096
6019963
3533016
2664437
1258525
2961662
1079221
1505939
2295256
5259379
1852514
3358102
149841
1959073
2684237
5621106
812598
3655102
1928235
2241629
603977
1993366
462627
5896019
15168
19068
502381
5211467
1153938
6023260
6023579
4104728
1162844
2445990
5482605
625914
2683146
384674
5877791
3679676
2761575
6017826
3063910
4513999
5975006
2327517
3412611
312962
4573903
3461628
1019182
4969262
1169519
6023452
4252352
3086818
5932561
2131403
1604480
2913508
1081532
4781210
66708
27220
6020559
5896383
1380867
2831921
4414332
2198298
2706569
3604087
4786292
5454585
717559
4003978
543561
1459594
1022967
717268
3538257
5934726
4272464
4151882
6023338
5987749
5378743
5733029
6020013
4425849
4807974
2393191
5702646
5494798
1015849
680464
458193
6023611
5853530
3403603
4571386
932002
2496702
330057
3263387
5373871
4801362
2277301
34397
4055635
1721654
4408126
2042748
861716
135758
2442991
3529323
2860319
1117119
2072724
5719151
4875624
1889213
424300
3786491
4851590
6023526
2796832
6015613
4185959
252228
2890281
4585002
758133
3919155
906693
48025
4309169
4501480
3124333
6008713
1194651
3563262
2559990
5733579
6023603
734069
5430959
4615815
2358638
6023541
5971390
5345860
719263
4206193
4024394
4395489
6019471
5637421
647269
5149474
5522082
2596664
6019496
4927616
1532669
1432181
6023438
1067943
29407
3877338
4758091
1582790
540665
1483954
2215326
3830684
6000173
5987642
3559349
1121588
622571
757777
1919054
5248219
436560
426790
3640829
503835
483408
4217460
2438423
1848489
23528
1668849
485343
5277898
6023620
143305
5855643
4798403
1291950
3659361
1882311
1377151
1339987
1413395
5446899
101254
4804570
5915099
2399035
5382044
5607745
1618610
5998939
3118421
5346812
1261774
1291428
2487491
574479
10508
2717958
6023514
934239
5204088
41942
508181
6023617
1882699
4472907
1106925
3143953
1386886
3711622
291641
1290438
5988449
3538065
2504931
1291879
3604318
2392157
3653977
2591865
5202563
5560635
4635579
1153513
4348037
2204926
2047587
1237786
3577195
5995274
4392386
1202807
4796489
2261442
814153
5241159
5461205
2988730
2669440
1777008
3625965
2149718
5802202
5096416
15754
6009778
5659695
5751175
2225281
5702893
472495
4699029
16725
5186820
182668
1993577
2983632
5074043
115145
1507888
5267669
549471
1040718
3081018
6006358
1213041
65863
3210677
251311
5298696
642255
885792
3626878
1729265
6022702
5640828
716440
165216
2999675
4668110
2415420
4095052
310291
34435
1995300
1931610
4413097
140837
261984
3965628
766786
3573562
5503663
1682924
2241145
1652962
3389981
5861365
2951368
6003778
6023141
162698
3697011
5102005
2144390
2981429
1753479
747024
1229845
5248259
3799901
5980840
6020372
2981023
2396539
262618
2780293
548473
4350037
6022880
6020605
2494262
5753887
4861069
1141275
15031
5717521
1644320
2731838
1542723
1194854
4612668
522444
4323472
4902990
1523874
379235
1670053
471093
837722
4493835
1087942
6023565
294884
598497
3906760
46194
559737
330401
82262
571234
2025531
2268101
2756489
6023656
1655567
2201382
48933
446594
6023649
3857942
1401975
5474834
1417671
510036
13257
4317052
112671
85371
3904215
5043716
766441
2308683
5155125
113962
464075
3623286
729907
570118
706838
684908
146325
407194
1940375
6023592
2947592
1155209
60725
3921109
5642068
4580558
513393
2137090
5748455
1426891
5139059
2013472
99256
435912
3062260
901925
16587
5156280
5277935
2093137
211665
1626632
5980603
4690164
6022892
25688
1837367
1060602
2697571
5094258
3945233
6023644
1503886
954442
5006016
4387543
2612227
1290731
5865492
5241794
5575109
4668368
3088572
316855
507674
2411802
1873946
613130
486209
5027370
6019140
2110210
1058232
266012
2386355
257640
5282033
5667136
141531
6023527
646619
1723695
2741306
2087055
3716873
3962892
2004857
4100881
2738238
626442
4661269
68587
668027
5032331
5162616
3452275
1447953
14637
4837311
5348803
5986744
2133043
4274550
4497805
1970395
6020191
4954001
547981
5893072
159064
216074
4877323
5499118
6023373
5129715
31516
1546071
437506
3915717
230744
1899716
2741273
2225119
1407020
5389067
5639169
4276362
3911211
326917
4383667
6023609
1946501
844226
983741
724200
4024348
4939910
5535604
5168726
405939
5350718
2264888
151194
569998
5689962
302918
5696792
3718908
2603326
5461000
5389297
1199792
1197518
2813224
839601
5404347
2207748
3478822
13317
2052889
3409405
4151918
404568
1747409
546509
4805174
1393649
659503
6005307
4016285
5924112
571213
22656
3669290
1855677
4150685
1589669
719004
235660
6023610
6022354
6023343
5292302
2084209
2170192
5732537
1797128
24587
5304698
6023635
251824
3252835
22837
21945
6023691
892493
4689007
6023235
1638960
5067889
5930480
6021650
3662734
496488
671543
1786065
1708943
3409441
229513
6023462
980550
2921835
6023638
6023627
1172174
903980
4490559
6023492
4028758
1869097
2917957
5721036
250707
1255289
6023422
1959179
1496501
1702943
6010920
3743753
3971553
3390630
3787526
1431375
4916475
822426
1046374
5482356
5026327
5501675
428862
5061557
4787589
6023628
4884093
3970411
3125823
2724978
4281779
3250829
1786699
3474
564405
6022595
5513093
6015740
5278889
3347384
5257450
5607680
83490
2785358
6023534
1751766
4497050
5652150
5914670
1296610
5553459
4175273
5704638
5277459
3846448
5840633
3650999
6023693
5661521
1369732
5695600
4408039
2224049
815847
5287190
4797309
84196
4150760
5382650
2338477
5538420
2530266
5290840
2525231
5644961
141830
5452066
4014959
3225200
4088544
5913733
1259510
439888
781754
10224
3115559
3529474
413127
5764989
4726745
3118494
6023715
6023709
5717445
577455
4932710
2442099
2300715
124187
1814446
736162
157247
139138
2844481
3225260
2045685
5834340
5235574
6023548
4105359
1630171
3024660
5332500
128463
3677182
1321564
2283319
816620
1198184
82681
300908
268581
6023684
5666703
377927
3447072
5911722
2419130
4146372
4389709
6016543
3838163
1161878
6008467
3767076
3597639
5232814
2564301
1127604
1390342
4225038
2661831
5688741
3800049
1226748
32794
295027
1081077
3649790
4431058
5283030
1984371
630160
1150778
3360029
3097211
1391953
1783237
6022755
5397116
3856666
2312181
893254
3426684
731453
568475
1838604
238886
5995009
2116607
3692286
5837767
414279
6022656
1378483
5848841
5348340
95076
3492977
3314095
1630618
6023378
4418557
669586
1048572
512115
101130
2554342
6020352
5318223
2425513
183181
73957
4794
3448527
3828533
620382
4969969
3267423
2360222
5996591
4729434
1869326
2088673
5673573
131981
3377592
1893691
3160317
6022629
5404527
832780
5975699
677561
1909094
5631389
475960
1831
784253
4213285
1202461
3000206
1238310
226897
776720
1312695
3160475
259769
1755598
619405
1170221
1919155
2876799
886887
1242389
234152
530189
1009922
2353911
5684370
1248114
6023606
1137713
819742
1456930
865617
3117231
1244588
13992
1031556
1104902
5990356
5504015
2737933
212378
1105203
918910
5050071
6023605
14104
6023733
6018093
1814486
4259146
7432
171846
5494277
6019461
2841037
50013
2410359
1206007
2966421
6015401
936986
6023669
5878860
1330341
5934169
3422102
6023726
3773478
3102147
2616417
5838274
3427727
3766930
5045692
6023751
775345
4066269
3260745
4518274
2929337
5235069
1766831
5794692
5524623
5948083
4854727
4584812
6023538
6022345
137650
1114803
136540
1545952
5605867
438727
3647184
887128
4863783
5953951
622310
1477064
1559219
6016315
3861915
5477152
4664404
4067821
53481
5700620
4167016
1789439
5211833
3772547
791604
5827612
6023370
332578
784318
8331
3154588
2799037
6019924
5928064
2335820
954853
4783739
864909
2957677
4867993
3610183
256196
5731488
216164
154765
6009748
3579298
2700673
722036
142162
5115392
6020565
1937283
65230
1406409
634003
1240763
2426738
3605997
5543733
788134
2655146
3312910
4413241
5908228
5139867
5391191
3806209
1664443
5957153
2094178
5202965
5959072
1880339
905488
5597655
4875896
356838
576750
113329
2766176
48015
2305826
3965799
3519194
3088826
4931822
3773359
3746428
4067594
5672880
2130426
974731
5736641
615754
352051
3404097
5051119
487339
3251036
1182988
267682
1613573
677684
4287733
5977336
2480714
6019644
1174250
1011746
1077672
121687
678007
13249
2178549
4849804
1119623
5301040
983430
1550230
5728991
2310866
3400882
5720087
5957287
3159002
749284
1614385
5354733
4645176
2423150
3185459
5944608
5875416
6002737
625403
5925724
480632
557597
162273
120163
620097
1420382
760393
6023789
401025
645762
6019363
1422451
1667895
4296447
2891664
3679629
3255455
955121
5419599
5807895
1008537
949962
434500
3074777
5467712
1428679
4042383
2535650
5966525
5426788
1461210
5530860
1555888
2491115
6011666
897059
1288
3237233
4387251
5927535
990363
16318
4127780
1766495
4596746
1598095
1110423
1736012
2197181
3071234
1090562
1398841
1267329
2394769
2446345
3937
979483
1551070
1627163
6023797
5325354
294949
1117937
5790424
3430879
933464
5228843
2904322
4153603
5141709
411591
1501318
400222
1211663
3402095
104349
1455182
3234959
1470637
2959329
5383056
3929213
1297743
5050548
2119381
1048138
189198
3005188
2243104
4954037
6020153
1073700
4162778
503099
575376
5067542
3689692
5583153
1677912
5460062
4190526
3213337
756566
42304
241631
4411559
3793865
3834478
4910279
2856640
155423
670731
223992
931773
6023745
819985
5670971
1430637
2976878
1328096
6022026
1048200
5354452
3266847
2335441
5858704
1144015
341994
5712621
5466477
6022243
3820271
5366091
5875038
5941431
2373410
2477632
5985386
5857215
253056
6023806
2074332
4374858
4725495
1630
53897
1371248
1236858
1513848
5823964
5221346
1826376
1138984
2494803
4802649
778694
2576430
2030565
1128694
2048848
211116
2014632
5758707
265650
3202696
2725969
6023336
5974098
411944
6023799
3673204
8454
5554372
6023800
278354
5255018
6020112
4762826
6020553
2460073
1489968
1258041
4321942
5192049
5997184
3949926
6023791
6008637
867703
5482962
1687119
1713059
5919473
4860790
5900011
5468155
633183
3934374
5407609
411046
1068232
83435
2549430
934652
2384844
6008123
1210463
5990632
6022693
804005
825023
4938264
319741
731138
5617035
5922968
3731501
210778
5500368
3100482
5119169
941240
5754913
3702797
385378
684352
10593
2600823
616644
3093387
3282434
3922954
501557
4845653
2319844
5957251
1938798
5303441
1336597
840520
522998
675632
6023825
19405
1084416
1542458
1096662
978280
5416395
2226079
2675883
6023222
754122
1214508
1166090
2951316
4786756
1529673
3921707
2325676
98078
5124050
616225
2625598
5253937
5652557
6015212
1732954
15066
6023819
1067120
1749312
8747
5795557
4703663
5875321
64157
5928169
2622919
6022681
5857593
6023261
3735010
2676846
282328
5133054
3875690
2570350
1388116
1704458
5965068
1018943
1346996
2245107
1719863
2335142
5836823
4827936
4785110
1014320
4187837
6021428
988172
1691640
2762884
3925445
1609276
5600745
1591669
6019328
850862
204291
5976894
218196
5943044
5579964
2713676
2445611
6023659
459897
4521177
721269
6023367
785241
562459
1108130
2568747
1610864
5868054
3258604
1223817
4959221
62576
1176869
4701283
640613
5113509
5317317
1401879
3547347
1428369
5255237
7585
1543640
414825
3182664
4048263
4899481
5076824
5758312
6003747
4016197
5479963
100297
618162
1718554
6023851
5992646
5760706
1524913
3160881
2562693
2227925
3613373
907734
1717933
5632714
557846
3460287
3802409
4175709
3108550
1236990
2714931
5521564
1252970
4062354
879046
3246843
6023820
3105067
1384712
638028
6005119
6008370
4254517
312172
1004331
2078550
1870238
4948324
3210868
4734291
335858
3060458
3812967
1763217
2768067
392949
5495523
6023854
5906405
5351825
4693613
279902
1851066
2753241
6019387
1162129
3479801
6014659
1034897
1891677
3976545
3176838
4123298
4077389
6023827
1528246
91458
4564088
5844201
5947160
2490286
2755652
1155507
650388
1995187
5213437
2705585
395718
6009905
2892857
5314692
234167
90096
1344961
5565525
269454
5627819
748858
2623324
6023298
2282835
1190004
5137602
5717773
3222825
6023847
1907700
1686280
3175095
1053968
5489178
5780307
735893
611545
5937076
3016153
6023830
6009386
6019377
5225541
237723
1102677
629222
256618
4774918
5932250
1062679
1088797
1508243
325241
1047713
5453683
1477407
5713935
5098484
1540468
3439142
6023773
298571
4833
139985
5767371
405042
3099449
5182030
5929690
4855365
4202198
2239781
1479668
4785937
793716
4438758
2399879
5280543
6023864
5923829
1155120
4893788
875023
35306
4453716
3933332
6023556
1335792
2005443
448932
2653455
726106
5169162
5043867
6020698
5145783
557534
1029952
5548685
2714301
567276
3719459
5976695
1224571
3103578
5078788
4037348
1898126
4691279
5021963
2546626
722804
1364007
2530539
5922255
5433027
6005588
720977
1414708
439963
385997
5769903
2181188
792888
2611897
1231903
5099059
2004425
4234853
5670746
5060335
6014500
6023848
3124361
1435869
560435
3706129
827263
403369
1057478
5886165
940098
5340844
3207850
2164724
2006921
1994235
2127508
382655
1217549
5499269
560299
6005142
6023898
392102
598511
6017152
1525423
6006538
3435400
1429580
4505100
1168661
5377437
4410165
3434716
1838865
1220965
2066736
4830578
1634890
3765457
4765997
5641598
1964648
2913372
1138721
2131
2717169
3685765
1576714
1914618
3025522
5132826
5943422
4691207
5836386
1432664
4950339
4354249
5383708
4081336
5898070
1223781
1499575
5993491
5568730
310991
2961070
3225072
4699581
210171
57662
1678718
4287896
2544762
129124
6023884
6003635
5548325
2493999
2264065
3133316
539810
3157778
1386227
5666987
5621326
6015092
42585
56007
4999394
5936220
4748475
6023813
1362184
609782
6023734
3234020
991903
417501
3262190
6023887
3093464
988219
2255476
8670
2006048
1063605
1715673
3100771
1230198
4579474
4830296
5915572
6020836
5230867
6023686
6023220
6021395
581760
1385931
203130
663660
1560062
3096683
197472
918079
1176547
3784721
209129
8506
6004160
772868
4708856
3265791
2788131
105227
227322
2946873
5741550
3013715
6005292
4566024
5929644
3059030
3713303
3822526
223478
4798726
6018693
3835442
2775110
5884132
215741
3597877
4391911
6023911
6023883
240443
5680735
5245224
852916
2430392
5434102
1116134
5177967
630496
1097816
6020904
6020987
1193075
6023780
6016210
5387822
6012107
3061617
5214807
469072
2868097
4880924
67
5795974
1210614
3695849
3255746
1591367
4350078
4905579
315168
1240676
5460505
2565354
682446
6006661
1307262
2970321
2391859
2027507
2100697
3657433
5342382
6023938
628725
623041
2393787
6013970
1870760
4377105
2635537
2075242
4097181
1282283
5159451
1226612
5418424
6023935
4880730
5954135
3415269
2223729
5956882
5983290
6023793
434551
64885
5862288
2744324
5546506
1447435
1086688
5308117
112000
5859151
5442581
4597306
4140346
1346653
6023893
871096
432913
3716870
573032
705642
4621447
5849210
5849598
199499
1875861
6023926
5365649
4967497
4312167
5965978
6004772
1508724
2391413
4646217
2071317
1422645
2084920
2601258
4577897
3276646
3614835
5978702
5438849
223019
3104569
6020797
6006195
1053618
4704961
3448419
5526949
2851937
1282414
2933427
2087070
5995060
2362478
771768
1921363
826725
5342465
293078
5982711
5534922
5848822
2402272
1260495
1701830
5384802
5705847
1938911
1459981
6011142
972393
559784
5258268
6023267
6009150
6023943
2665591
445126
5655255
210916
1798593
5615512
4489981
6007907
3779853
61974
1840672
1305891
5969609
3688648
3025981
100754
468384
5101493
489704
2124725
6019401
404960
1100444
4783952
3221617
5110304
879035
5885734
6023923
2257664
3677388
5919354
828149
2840916
6008385
4606562
4248328
4438388
4756309
6023947
1909988
978961
5740710
5699534
3888954
360967
9965
4692668
1031417
5922401
3449833
6023942
4579081
4411186
1631193
4611375
3307261
5826131
1642567
5081563
1133557
1281433
6020483
5126408
2571705
5083643
5864956
6023889
4905515
4301950
6016040
4578902
2884789
5032339
6023969
5674163
5257515
4272600
