4452774
3763606
4965106
4099454
6022681
4326588
180100
5942859
5214807
1786065
4577762
3744076
980550
5973860
3529474
3304426
5972231
5413498
3449772
1876949
320460
4158503
3651151
5918195
5916150
4544824
5233410
1255393
1284670
1144203
5446873
5054239
1545952
700338
5084274
784594
3993662
366904
1844634
758133
3720222
6016779
4109616
227267
2047329
5799647
2030321
2238178
1745001
5931459
5890924
937133
1106925
4296120
5270839
5466049
1641867
5714537
6008067
4318166
3740093
5832445
671543
2537154
4201498
4871939
1860870
1479092
4016395
2025125
2351039
4458760
1435985
3556394
5383932
5866968
5002958
3522312
4194189
5872428
2649012
6022704
6005229
3307520
1296610
5901481
2308683
5962715
5199474
5070879
836318
5740031
272023
3585378
2732801
4003407
5257515
757100
5234343
1067943
4764729
5760381
5743988
1708943
247643
388520
1289222
1441912
4966481
2530539
2240409
334270
5900011
4724181
1327678
5941805
849105
108205
157274
3805377
1252916
5969677
841591
317855
361151
2352379
2139007
5764299
6022490
5873231
5709270
1150712
802435
3591953
5995009
5575109
5610655
4627684
3061233
1838865
3449832
5865420
2305216
2486661
4607153
4379700
4809450
10508
2717958
997358
6022669
1751766
5299099
5651109
5085393
4119004
3220113
3821804
2912340
4298558
2225104
2943445
3210312
45375
2156952
5638839
1197045
568283
119527
5674163
5666987
3732271
2081427
4756299
5577765
1340389
3775079
1428713
1613511
6022680
670206
54964
3884148
6022577
5061027
411602
4813123
219743
2522554
6021836
533941
128384
149358
4467741
4190526
5506988
3402095
5558189
1755598
1886109
296848
1413395
5993222
4296447
3217504
2125837
1395203
6014500
871026
5993458
5695600
1525423
4620080
6022613
6013138
1126841
3625816
4901169
3403603
771848
4121961
2390182
887210
1271826
1017868
1818572
1798593
5845844
4620309
223424
6008127
360211
6016853
3313064
2468587
5460277
137650
142446
6021263
5880775
1846747
666818
5987052
1223817
6022243
1360730
896638
2706707
464581
5874937
4705229
5817888
3222910
444646
817643
5986816
298607
534386
3661630
4306242
4478047
1391249
1277252
2483038
3539857
5518497
7432
5362973
29407
179148
2805033
2399035
2213590
215752
3924118
1009922
2067527
897041
5990950
3785314
5968309
466862
5313721
6022758
890537
5703925
4916174
5955462
354577
16363
5999914
4128945
3980929
5802410
5030579
1513636
1540197
6022674
5827768
5726811
92546
6000308
2038257
4669373
6002754
826983
3817053
6022536
6000065
5745621
1541533
5037556
5369493
402037
4679730
4232534
2255476
65004
125913
4072843
2225119
193453
171846
1351469
286149
4566726
5675285
1167194
778560
1263211
4535200
4907062
2415119
3964572
3853934
20578
1397843
294248
3846448
166723
4806927
1212815
13302
3420756
4318379
4891079
5406012
4568634
1139830
4998471
2039094
37213
469072
4086581
1937249
2204926
1257035
694576
4756309
893254
4096391
2463741
731998
57477
1377097
5361412
3141187
766786
741616
1637105
6021744
1925257
2151557
6022211
6006650
3389585
293099
5401075
2559927
44289
888990
324584
5073678
3282434
6022702
5432427
1882699
5937287
629120
2071317
253705
4615109
1509124
1731473
838050
4774918
893612
5088930
6022740
989121
1315857
797767
620097
5018426
3973137
2292723
1424575
2445694
3357699
2969459
100297
3100115
3579977
6018264
1933677
1196906
2789764
1985962
5171219
5782732
5964571
159072
5447154
3632138
4390783
2622234
5180989
510937
4910279
4333555
5611476
4501480
3671129
52499
3396771
2124795
115145
1910294
2705585
2059935
1524450
5607680
4208058
2776045
4612064
1070560
2577687
5472522
361855
3109248
87698
755666
5474834
1387588
4863783
1836964
93356
3795036
3529323
5745748
2195180
577181
2227015
127856
6010122
6013332
4944425
5482356
1816093
6017661
432913
859891
6022564
3673952
4279
4178623
873703
1884003
2442099
5860677
5406823
5535245
3851706
5389325
1937050
3912299
5921826
5891888
356729
411235
3987473
3969586
2035825
1667023
1094430
6001214
65863
3662734
4043556
2788674
491605
8026
1175966
285190
6018153
5716387
4786292
5454585
3777958
775806
245646
3210677
3229543
5890342
904393
5822799
5221944
1167741
1816580
1248059
6022444
2384936
4216482
5801126
2109233
5003932
1450890
3702412
1717562
2031172
2449488
870729
6022541
1984636
4895033
407650
2349644
5257621
978057
5947160
1339429
150001
2976878
4806509
3585500
3983756
6018390
6007783
6004691
588071
6022738
3063910
4406595
2792531
3679629
921636
5096669
358696
4276362
691145
2716377
2801316
162698
6013461
5899503
5036997
3494590
5108027
793341
3259329
1600193
1056620
6022780
1064584
1803408
2897008
5152732
162461
432021
4111137
4284981
1531054
932201
4989460
5059031
546054
4066024
1968
3225200
6022788
6019084
3856362
596841
2391859
4016285
3173920
5335501
2758833
1416629
5157221
4094678
5043867
1194854
1908192
1303004
2805305
3263387
405623
3711185
1141829
5982920
5344563
3821653
2720864
5993666
5379340
3345737
4483873
671943
772035
4308333
5554356
5836823
5829191
436560
3662273
2047359
17624
6022643
20670
3294262
5810903
4537655
3436535
4966912
794606
3997554
6014432
2785528
5482966
2929337
157247
4564085
5452365
6022794
1421879
5892303
5948804
4038191
3390856
5644794
866586
3604242
6022706
383839
1459144
1736068
6015236
5672880
4067594
1210329
2603072
5232184
1415724
4341644
2991525
5709159
317461
6016905
5742575
388716
2089899
6013809
2998271
2407038
1172541
5533994
2422776
6022791
3959018
4405744
1465756
1203182
86967
5962299
4907604
5404527
5084966
4640478
2444099
217408
3217306
1643946
314166
5264622
6022528
3735873
5651307
5055978
13
484041
2108278
2893491
4284401
4660267
57695
2474955
4505733
1855677
5938896
5992646
1743880
6022693
5781747
3162975
3052404
206750
4796879
61239
633107
5448913
507674
3737711
3744544
4154257
1283411
522382
5563359
1869097
5042391
5661019
6011947
3841809
1269774
757508
6016831
5120331
5269827
2410359
4593267
122005
5559469
5168011
4174897
1870799
4604579
5799778
2494803
1068232
364696
3926735
2333663
4150652
3440745
1586361
288671
3571439
4464702
2613639
4928578
5969373
1473685
5978321
742145
5459839
235698
5768335
6022755
2710154
5986707
676155
456809
2659893
981242
5632969
404970
479869
725619
3717363
2303865
5724714
6022818
4146185
5901637
243373
1169519
5537814
1380867
5807685
3620003
5712621
4493835
740553
246342
5810553
5821790
844416
3854565
5213437
1346996
6015560
1447675
2858253
2911485
5966344
6015248
408312
17034
4579081
6022107
5256908
2431729
1698230
268156
13070
1623089
113962
100754
156027
1281898
5924721
6021913
5528744
434217
5301159
268543
797485
2015187
2949794
2805154
5708638
4851590
909456
6022829
5793504
3933332
5787849
660921
5592076
456645
4334348
1145744
3305685
5294258
5182062
2732966
5079239
695364
1305969
5914374
2218597
4277741
745574
5975453
411046
5937620
1287251
3452963
2371601
1424399
604069
5376225
5990024
5740395
4971339
5279973
1290438
954442
1873365
4601434
2360106
1855822
5558885
5655661
5743760
4851087
6021708
1140438
3127813
576396
5186820
411591
3169358
3416349
3382204
1111795
2759075
5652388
1103606
5541175
120163
1870509
4603211
2938321
1816149
315677
457437
2920627
5835582
5794692
3695849
1416225
6021247
3241011
783336
4872095
5523735
171318
3514160
1153553
2833622
5139059
6019141
5123432
5144720
298494
5642068
2890201
5961091
6011404
5658277
4613933
5892652
3410396
5449738
965352
125680
5471709
5875384
4354249
5685274
471372
2750492
5413116
5853195
3872976
512089
4892502
197913
6014422
873165
6022650
332578
5118219
5754677
5328378
5448156
5770147
3144159
1972388
2637838
5535604
5767055
2054484
5383429
613130
6022816
127508
266304
1797128
6010517
1964707
3349551
3300994
2929205
6022842
3221695
5418938
4782353
300257
3407994
28376
276469
1392132
4037348
1333253
3808831
3528438
6022750
1458413
4823594
2050455
2310830
2086291
168610
6022844
4713729
6022389
3527297
2174085
6019377
2452039
635608
3220887
5340092
2399879
5584394
4308892
3152130
1624450
2589503
44309
2544369
6001222
6022782
4279604
4150685
4646773
1150916
1997683
1076480
4206193
4420776
6019845
1669997
143305
544825
5708016
5077251
6022854
4977993
2801237
3105646
1114406
5322465
59303
4249797
2909677
1070452
522412
5612911
4262421
4963588
3582362
3314120
310726
1624255
1646996
3991164
218808
5551222
4381920
1529673
4363888
5724835
2329702
807126
5889530
2465467
5670861
5576310
5953520
1759128
3929344
1205514
311749
6010442
5200524
2325924
629003
1259510
6019828
3477950
4543511
2564301
1777008
3894917
6006367
3326372
1708960
3887516
2423164
209103
76051
3697273
2216956
996056
270986
1412741
946850
3423667
2736914
5397059
574479
5826131
4263818
3441734
2901207
1228
4685379
5460365
3991535
6003135
4812515
5468971
1891677
5195924
2255700
3885376
974272
5551701
2605604
2209511
5507019
6022797
5334137
6022863
3182373
5986941
2215712
3198070
5080940
4187837
3218693
4787510
2530848
6020695
5175946
5596004
1919583
6021340
548225
4930327
2611927
6022861
5389997
6016848
3981536
5980115
4380481
1832539
5114137
2682166
552092
5737654
6020281
704972
984421
3861421
5848822
1155209
2107876
1885625
1773155
2187407
712649
5767814
1490371
3134977
3025852
815560
1180054
5169162
3184785
4725592
3585510
4413241
5921905
5501675
979580
988172
476543
4746677
1325707
5233569
1554386
93311
4395489
2250190
5678983
351330
2204410
1047708
5733869
3937
5380027
1387346
5991945
3334222
1937646
225312
1144035
4496165
1348522
248567
3144836
6013306
4082723
6022627
3277437
829571
3239891
1090791
5414452
2150212
3501958
5019881
1764881
2680216
1332754
195302
5731401
51292
1477064
6022867
3723423
5875385
5962732
3001761
825023
5719266
5741205
4387543
5972235
1507998
934239
997652
5545087
199047
5839493
6015602
14955
5391642
3314095
5873603
3185920
5827958
6022910
5483305
472495
4994021
1842836
2759136
378024
993028
4564055
1371433
532797
6022443
5785362
433061
415448
494581
592058
5423415
5784724
5755703
3015734
283322
3698787
5066324
6020362
4098611
6017922
175825
4600982
849365
1079901
4118839
6022888
4678099
563329
28952
4329847
2727278
736308
848072
4622634
3900322
1100102
648955
2574340
3171303
2007631
2896880
131050
931388
1029112
6022879
3308310
1905639
746347
1185264
1511877
106435
225074
3767076
2209304
1416458
5329137
5931332
1637444
3597276
716284
5743177
5644149
2294360
1919155
214790
661519
6007960
482200
4740169
2611159
785065
2691619
1781670
12049
2913725
5591032
3406576
5714277
1270695
1288722
4744937
4077356
699722
4061644
5930853
2813224
3700106
341772
758280
3584131
6020227
498796
219159
159270
3625713
2647279
5982619
5953550
5595614
294949
4142924
4152506
2535335
1831987
2013472
4733158
2037924
3653950
3801949
6019496
2307097
1020735
383065
6022941
6016880
411632
5477649
2524408
3826372
4576973
5965348
824425
5083453
5948339
5314529
4850211
115198
6022892
43846
6022929
5586186
1153105
5543733
5218213
3378227
126769
4396150
2697571
5489178
2556520
935687
939860
4948523
2430656
5226391
1284186
2190492
209199
5716739
1206613
3871959
5366075
4611565
571407
5292302
4926194
3555845
3524134
189362
4816406
1280410
5967821
1545993
6022664
6015092
4982088
3832970
189270
3877338
1783569
5332500
4804570
5884128
5616671
721754
702977
3815092
3151817
1727092
13317
2039170
1665886
2809889
816620
6020790
2694770
4068690
5454730
3233944
1842450
2096773
1092772
4258501
4859885
3036282
2627975
560648
6022909
341994
2099045
168657
577088
4987673
3500743
5109691
310107
6016421
5828248
4226806
5757758
1326863
1967612
4381665
3791980
3332563
2422013
5883971
1281433
4555367
650405
1725325
5108418
5928064
479863
2226988
3797778
41071
3478500
43273
1406664
1945911
22656
2480090
679824
2503450
6021395
359971
6017213
5644982
1745573
1992269
19679
5735775
5704248
2085217
6022858
1187415
1677912
6022946
5899631
5922701
4382693
1422451
6021243
6020951
3598756
4787916
4332
2168061
802047
5869403
6010117
1940375
534109
236081
1410465
2832423
1551399
2596664
6022880
6020038
4478454
5864269
4669350
4362866
3723727
3803447
3477044
5614746
6015709
1405667
5879270
6018871
1677605
5866175
6019117
5907550
1522056
2283319
6013591
3911632
468645
5690687
659460
351207
5175044
4188368
5585476
41942
821679
1968182
2034192
552759
208880
5350718
5333147
5499118
5655255
5950263
1894471
3921420
1171191
4153854
1980754
4180458
5850962
782480
165055
618162
3127571
1197518
6022927
3592020
683660
5258415
7585
3376620
6022878
879601
473672
957193
522444
5778201
807787
5110971
1165238
3510736
179529
4731934
1478239
4774950
224132
1544566
5982110
2699288
4697173
4213132
1809463
4505712
1359306
5560789
5508582
2602144
5902913
939630
4571734
294884
6019491
172211
3131728
1502891
5277717
4525120
4937981
1572419
2463035
5901428
6016248
6021428
3081018
3758543
4580647
5169
852254
4231443
12484
5989547
5771245
227299
5073803
1227923
2517125
478884
2982465
2587904
5894513
6022902
3944251
3830684
452102
1048572
1206007
172163
3152529
6022966
3744182
5177530
1362568
5845734
5838274
5827562
5822802
5321188
1642860
1533883
577765
2704659
2756471
4096381
3253628
2411802
3697958
5862726
3296928
5018792
2767629
330315
3204310
4207875
5999192
3395966
3921707
5202563
291182
829971
2832282
1449982
2252830
4214120
3069232
5941431
4316528
6021470
6017401
785523
2643854
205608
5899040
232642
6018148
692942
4907452
678780
5689392
1552837
6018767
756809
4497344
486558
340457
8513
2055998
5841824
5906066
4697585
5813589
5858704
556471
996886
4916010
6022170
5483872
2076286
1168654
5910367
111794
5875416
3745413
913286
4445275
1351600
458811
3788293
715156
1758051
1273298
1532551
1602831
2747920
4299313
5180678
1942596
2275490
4477850
5111896
4762957
5962592
2023370
1695960
1360368
201359
2163927
643039
6004486
400617
4759187
5341431
5067542
11683
437506
1546071
1473144
760518
6022820
3360029
3598119
3919155
612987
2823516
897928
499373
3379653
5304640
2162222
542161
4865679
3899583
1430637
5082337
6022568
267738
5895286
4184194
4357745
5913310
227176
1766831
5423169
4386239
1492584
1609223
887857
3666886
5906987
6023002
2415735
816936
6022609
67579
6021344
2746466
1566221
3990981
4451856
832887
5484110
4471711
2135453
3122885
485115
1141275
1367990
4019898
2325784
1452285
4489305
3255845
1407020
1885713
699854
3041129
5991904
5293699
4409409
5917011
13189
398606
5999591
19068
3553463
3872311
5592892
4165553
5235488
2055782
87234
3413092
3578287
5608021
4383667
4453584
347717
2162496
3474568
4898303
5086598
5758478
4183947
1209018
869621
1978029
1297228
158334
4214921
5657981
5915236
5889061
741747
1909531
2186897
2741273
981049
6009508
3360687
747873
5590300
4156671
2993841
525576
6019965
2505645
3051783
2279831
787968
949476
6022945
2332658
5067286
6022901
1221571
5639169
1179880
163024
502801
6020861
2115135
5875747
1031417
5983345
5190
4265352
3111051
20394
3104272
5291348
1355087
5543580
2633563
5286767
5940858
1020311
5303201
1746830
1852230
1420197
4381133
5721503
5994041
1569602
238886
5770298
5548397
483408
4217460
6023030
2456918
5245033
951890
1712515
1492173
640733
1119602
3435615
267892
4472840
6022908
3101532
421524
1925272
780089
6021127
3262787
4576488
484840
1095108
1983268
4252352
3736955
1286214
1993204
996028
2775748
2683297
1140682
101254
2916756
5997521
140837
5616157
5139867
6013627
2698227
458193
6021513
5215131
2802040
4341572
2079032
227613
1033581
1287383
2282835
1190004
1833960
5116993
3885509
1921352
4370885
4480140
139985
2069064
940656
631619
648916
1254659
1285868
1537906
3220950
1448
278842
2827823
6016987
4370109
4235532
486285
50175
6022690
2785563
3082944
2179021
5956355
1737251
6004736
318758
65361
1869322
2615223
1309304
3521006
5770882
5070340
4527093
5857307
1469428
6022017
6015212
5765385
1042141
4241522
3560344
5185796
25688
4067967
5923555
3885217
285465
3072925
3623286
4541624
1758853
4357691
996081
6022800
2197070
4725496
6004161
176646
151526
407194
6022206
5888997
3018586
1356062
1447525
775110
5380
19784
436721
298389
454360
1194234
680031
480937
4516110
1086511
582295
2512687
1769269
597473
1235698
3000387
6023080
6004013
1381602
5312361
5860149
296328
1643237
1721136
2674222
1722634
603977
281108
5651777
1964648
4959120
4725112
412923
1922090
1113435
752603
3368084
1916766
4933827
5993911
1247781
4273202
3993104
850848
5672025
84513
608639
2645380
6022397
2970947
1301972
5921604
1988185
6020072
1977887
1789782
4088544
2638437
5007587
4561178
5966609
4413572
1091116
1362755
5133390
2760331
1219389
5554725
1348215
5534735
5404347
5382237
2073882
4992322
6013181
6022341
917053
1549310
3042313
2719875
1783237
5266746
3398488
5436257
5794667
752920
2831448
5868054
182668
5487286
2495283
2492990
4544484
2665890
5905741
2547362
143030
2307753
363777
1388068
4871410
1422645
2030219
4805513
2631328
3592588
336392
261052
437
2538250
3440248
5274
5460719
2070111
288032
5636776
424300
5921602
3666197
118999
1967357
1063742
1691423
477878
6017122
799824
4408126
1195229
5430813
1127114
3845747
302646
4071129
64157
5917879
1672458
2899420
745903
136109
3320252
6022965
2824342
2447471
2420327
5553459
5348534
5966525
3832655
557219
1187022
5922183
5910958
642070
4360250
4076958
4253229
624808
1088866
4025802
4885031
5547025
6023090
1022123
4767498
1176885
2889313
1394348
1342232
528131
1401975
5999005
5985386
4726854
1770432
77567
5725440
497418
3077495
6023076
12711
3629249
3187075
4713502
105539
565368
5971183
6015296
4765997
3155639
5502699
4721241
576911
5948853
5283717
5875904
2161298
906693
5717411
5583079
4029967
6004854
6023081
299924
1467958
1813838
4109424
1461210
5180707
1654971
5082427
5919354
3553279
6023103
101130
4739514
1689706
4660332
3821154
6023128
3902127
2733735
773616
3548640
2322427
2986055
552182
468312
2595450
3973851
2026293
646619
678572
968589
4466122
6018961
2529710
2454356
1682924
6022812
4321319
2141635
2191105
3646845
1542569
1659936
6009931
2484327
6021811
2238336
5965509
4681800
4233911
3902530
5237560
5605726
659503
3800782
669586
2592042
5033325
1582238
2319844
4336330
18771
6022540
3916382
3689247
594751
2060558
4635388
4796489
3114032
5375060
1655567
1087942
3134778
6023050
448934
1840628
5831156
1565984
6012639
3021310
4586306
663660
509467
1976941
2288257
341750
174955
5830574
2274074
1193075
3068500
1447885
3024878
5668102
508666
1250445
2002383
1427095
5284728
1786699
1260286
670339
179125
3145318
1461484
5455559
5957215
2142055
104349
5351452
2165862
3842368
584503
326742
5408472
5207572
165753
458878
743382
3574939
1116096
4834736
5060729
3633380
5255543
5929690
4415502
4509338
830926
4706711
5190382
3405471
3353357
1886067
1639625
1909485
1150393
4081336
157328
918959
5126170
5928038
877942
316737
234815
3583032
295783
5973919
5801516
397786
1216678
2045818
2382728
2265625
6023146
6021350
1985648
2617644
2569077
147792
3576974
5044042
2994949
5255018
6023016
4261858
3545273
474349
1256219
227224
1988874
1461850
1726423
4512868
5698052
1417671
2432053
832991
2116023
1529267
5703255
4797309
1245668
192839
2360798
5833525
753827
5849558
5573942
5393381
1291428
1030675
2615428
1723695
4087164
1142004
861716
3176369
5650878
4770166
4612786
2747734
5140175
1102051
24396
1023019
1678718
3269793
66708
34397
72937
6019891
24587
5999801
4547701
4705339
836390
3566064
1637424
6004211
2785475
2961662
216164
5827322
5144855
5400616
440558
6023151
5727419
433253
3466116
4574281
6023133
6902
2711672
4463807
378767
1916298
106159
4108661
892256
6023164
6020789
5746327
190597
1266985
6022709
4598895
5970368
82548
6017872
3287150
2079162
6001705
1329813
1428679
2667307
3160747
3623424
1760354
670396
1575066
46914
1426891
3218478
3290925
3626537
4139179
1163423
2903753
984823
471093
6021123
4806882
4182275
4931135
5878006
988659
3583182
6018238
5741681
5843673
1741654
5960398
1817176
4130712
324479
3185019
1235165
837534
3904139
2709645
3366741
5942797
4649143
6023167
4471309
95954
3027266
2964963
2093842
2733216
2098932
5853530
898348
5922255
2084176
2915402
5200037
1193487
5798503
6022196
1693029
2247104
8446
1525403
5798690
4055437
6022234
1809095
4248328
5688741
327708
5989492
608314
1063000
3740012
1060350
553921
284380
1937283
4408039
246408
2842423
1366458
1730674
2915536
2531341
303254
568254
312962
2247550
5991026
2169853
3133316
2029602
5157478
617373
1060602
4308286
3042873
1770952
3629541
5924209
4363809
4596719
5602034
5874418
3450859
4620935
5923884
2430657
5293637
2113599
2216718
4177421
642706
3816341
1837367
4367848
3746076
1603521
788100
5020815
3805131
5373674
611697
298661
4113542
3184290
1852164
5008997
717755
5226765
5970700
3293236
4977165
1809126
5280348
6023211
5983290
1322271
4178561
2372064
1946989
2484903
2737715
6023174
5135761
5464538
3412611
2118666
4770399
4116782
4731718
3636228
1420279
3863192
402777
3477005
4317867
201657
3908435
214350
1337057
4266924
4338000
650558
4558367
3716774
3535492
4986035
873139
1759845
1914223
1288107
1180533
1438045
6023188
209629
530821
4367609
3281979
2530089
3527705
4208035
3484700
595603
5977177
3075340
646781
3502980
1041336
3314143
5898070
5407350
5516722
3710865
2901002
6023149
4532996
506796
1181435
4375920
4124849
1396884
131414
1677480
1072846
56087
865505
3292108
298511
5244119
1245296
706838
6009898
5668691
306930
155755
957186
394487
5563083
1528988
1650200
3312910
1946501
2571021
5833031
2582369
4627382
3209256
519413
5786223
924827
3363
21418
2587755
3973420
2080575
5538972
5246463
5100564
2374626
2857145
1785053
3709757
4413351
1704242
1438462
5468709
845092
1242974
5655039
3402703
594235
2388760
4615815
246242
6011279
3960404
453005
4600577
4539271
4948640
4846220
5604911
5042764
1070117
5161500
5634769
5288034
2302862
6023236
3685310
5241159
3448527
772868
874024
5698355
2285234
1547335
487339
5960067
6020411
6020698
171456
5992438
2990728
5202687
1006793
5492502
4438388
2969544
5888398
471160
4020697
1305253
4185959
5861954
3934374
4215088
797306
1524427
301607
5856774
3160317
3398917
3939615
5602192
114386
1132441
869736
2357112
4672263
3238462
5270291
952740
3732556
1352288
5944857
2473883
5957429
2177184
502187
6021005
5686604
2715393
4586573
5390799
89766
1167596
3489447
1186243
330401
5885288
4982952
6023163
3300767
2755131
959570
6023155
3576984
3390417
1214596
620642
4619336
4417076
18157
3168961
1797073
2232620
6005514
2525231
114226
6022767
3706129
5225899
4996248
14660
477037
2681632
2327517
5453683
5678086
3312592
470749
5307473
5998834
4568320
4440315
1238344
3581485
2756489
5876076
8747
1497648
625914
180663
2227743
6003378
2271756
5942452
342384
1552934
3845456
2157783
57879
6022884
200924
2082715
2926394
501557
5446925
5765017
4689835
2688755
2196460
3027001
4099396
5987171
5370043
1907902
377927
3025403
2836621
2658568
2328541
4539577
3946482
4577296
2046858
129570
3547452
5916126
5145923
5101719
3598837
4101552
2558882
912946
1318622
6021162
723980
1331244
622310
5915572
5523147
503786
5987642
893572
1657476
6022629
2655623
1212960
5689806
1378252
2420916
1642427
1090463
1073631
1478764
2112296
5742681
2692979
2016883
251208
6019809
1457439
328848
5838834
330057
1714102
3911274
30827
5163553
3114742
2494262
2352699
1175077
3151541
6012557
6004206
4851368
2119115
6004650
336657
6023153
590088
1263490
6021360
5990128
4691358
1770868
3417427
4959221
999024
15682
1628832
3273280
6023249
5961523
5719935
5696792
3254906
2196426
1426065
3918551
6001393
1530143
2904939
3357423
811519
718086
4616611
4490804
2847956
195932
5002508
2906802
2705286
643383
2990014
2921557
981129
2336725
5769903
6003907
5317740
4301244
5393611
622096
1116115
477563
5457838
3615879
3387542
5696522
3336559
2168837
2069069
5673705
6023118
714968
1284655
1232832
3244108
4815718
1219012
5901088
4753897
6022106
6022372
2435473
4904669
6023137
2777375
1301359
302831
2951368
2562693
2826057
5955797
6013994
1901107
4967389
4603698
4954606
2042748
6023281
5162372
5000433
2385479
5552937
4710794
6022142
3592827
2686165
564653
1486529
5751907
1535360
1929756
4229509
987490
4880414
5962959
4373696
2392691
4979865
5916476
6023227
5767403
3972628
5344058
2999675
5006469
3829467
574168
2314737
1976843
5984964
4811803
3171100
3212185
13087
907734
2234104
3235832
4878298
5515607
1116364
5963197
5566252
1156519
6022976
894237
781573
840223
5292901
826926
2033332
6023291
476410
611446
465986
3923281
451969
5506615
3525122
1529630
3716699
6009025
30001
1180674
4698133
10141
5692337
3908325
2268101
2025531
924
5174390
5497917
774630
25226
2039795
5187435
1359650
1417223
1001242
2753863
5050750
2758118
406987
1430476
2371128
2599907
56082
933980
1632888
3920097
1952500
5933403
3125113
4805056
815101
2534351
5214718
1717933
5947572
6023316
1487244
5403074
4907767
839787
6023262
2294122
4240261
932473
171209
652722
5481420
5252988
2008705
1893702
6015468
2157788
3934038
4100881
2738238
5802468
2966288
4381658
5061865
5822075
2620113
4313733
5820685
1149277
3604955
4729831
161869
1695906
4017367
3403568
4599369
821057
4946745
845414
4087080
562267
4254753
6021165
4496394
4406346
761212
1655200
6022982
2130145
4281779
3763649
1069037
635981
1001807
559026
1364673
1744623
1589810
264628
2902412
74195
2410599
284714
5997117
6023261
411078
234954
1864167
607407
2117550
5491906
5731808
4643488
4360479
1137785
6007479
720977
3238824
1220965
3093598
168986
1561358
6017218
219083
3105067
1577341
6003499
4289331
5735244
6023284
3591628
2505965
6023333
2300466
5004168
4099541
5381560
1583522
399770
4284924
325565
5863112
4223489
4999394
459750
33732
1218864
40851
5758707
1416013
5038993
653929
1089097
5828883
1508634
3998319
2559851
1910135
1254575
6022546
5852293
1174414
16406
5261502
2719312
5862464
106104
3610183
1202830
5494798
4988996
1880431
919545
4133025
5587809
4859662
1258079
2587435
4359431
929459
5182362
2200540
4330449
4624952
5108673
2182674
4900131
5735692
1289864
1126393
6022948
949762
1718554
6023349
5690305
3520734
4571386
5008284
14104
2404892
5070526
5801243
4449640
3888650
1544674
4875845
5769865
5901482
5916375
1953163
2200854
3556854
1928235
1003886
5402618
1116549
2662206
123729
4644312
1899716
729907
3577973
5981459
31474
6023337
5458383
2463341
1631193
5393460
5232814
1130801
1534017
3976889
1031689
4851350
4782104
5424731
2590568
6019924
1913824
781754
118967
5179529
5885908
4155665
3386109
5532352
6015246
1728704
2864275
252228
3773893
3466399
1798471
4264864
6023289
4801362
5838242
3807729
58038
3305693
10224
793796
5699534
6000353
5582190
6001290
4957260
675505
3906760
968861
6006560
5260921
2227925
5576513
3392762
6023220
2091706
662586
1171331
5896383
6023350
571875
5927100
5668187
2020118
3556657
2855955
1445999
1329321
634824
6007610
2165759
5108517
4889406
2730527
5140816
4759033
5723719
3529582
6023201
2591865
4773862
1802933
2005428
6023356
5699206
1291492
2563754
5182828
2399775
6013561
1542723
6000783
1918890
6023388
1466046
1509764
965051
6023378
3542358
2659304
5264388
6023338
3764814
4938007
5982734
5948083
4936696
2573127
1393766
1176482
706870
1959664
2425513
3501228
747024
3086818
42139
5951289
5328485
6023177
1538099
1182988
4662588
6019283
5433969
2321042
3109310
4785110
3760219
5989512
15031
3734244
5499177
553825
24975
6022935
4875624
6023366
444606
612258
4514924
2860371
389647
21336
230513
1727450
4473946
4221420
125685
3763321
2239781
5957287
706532
5607039
3746301
2446955
3437460
1392423
6022366
2075402
2072724
3100494
1695427
757166
421195
6023387
5953476
1431375
4657699
5655880
1432734
128511
1173112
301573
2339551
5547382
4821676
2547324
799921
132138
460363
1582304
308237
1217243
263693
715158
3804916
573032
4602416
6023298
4620771
695591
1204446
6023290
4654297
5934726
5921706
713486
5728991
29107
2262595
436028
4522780
860769
820913
2663863
5300904
625352
5535740
4744514
4393829
2560789
1550312
1955945
458742
135589
4511101
442070
6023282
1807164
463038
5233178
5930170
1728627
1957849
4856581
149341
905902
5717521
5030608
502381
784980
1938359
3310281
5961030
5270581
6019930
4667831
325241
2312181
3135228
6022485
6005119
426790
6015572
3003365
615257
6020999
53481
1193809
1021300
4262344
1386864
3398554
6021936
1007385
5554372
6023397
4317533
1700875
544045
4249299
4235383
2940908
5455544
308079
5273921
2004857
5342366
5306501
5483526
6023399
774398
1055001
4092485
5644546
2118130
5894010
2932012
1230724
4640481
617581
1483084
6014892
5987749
3418850
5748346
39430
4949467
1553090
4317441
6023367
6023403
3385695
4811466
631425
1874957
215401
3491656
1699003
4264110
1058232
5977953
5619526
5744327
11799
1493037
1908232
2338816
16322
4967497
3670051
3559349
2670775
1235000
1241726
1150778
866571
5050667
5646114
6019438
6010711
625403
2759377
1189885
4879022
1679671
4759138
2732722
1784289
2843690
5829866
1443145
2958102
1696972
3183588
5715014
4444267
2104933
4111400
1908347
3747990
1394393
1259275
5266538
5899024
5540292
5138648
6023159
1876155
2915599
3700317
3324630
4691317
5992072
5403466
5457779
3878405
4539122
3344311
1956719
336557
1359780
939023
4648089
975109
559676
1907700
2840591
546901
2065702
3197457
4050261
3371056
377270
3578245
841108
1666769
2370830
4413798
256970
677684
5890246
4975646
2367508
4309169
1812457
6020197
4275093
5461205
1493335
3641023
846476
6018034
6023452
1277402
2170192
2218546
3890632
5629011
2099896
5013143
405042
6023422
2498782
4558532
4158862
4086774
1893672
3190413
1172798
4977814
88656
4812613
5248259
2241145
968312
1138559
1389358
5931824
3088349
577052
27457
888731
379897
738999
6022182
6015764
4507649
5267744
4509457
664448
35306
2035262
2789240
27898
3080746
660259
5835828
6020013
528702
4959035
5513483
2988
856468
2229272
540665
5906793
681666
999246
5298706
5382150
80274
4015511
3778613
2433843
84478
4670661
6023454
6023414
6023419
5462551
5982424
5221149
4099495
4603670
3417037
5173926
1393971
648265
1908746
5067311
1245120
921618
1176601
938822
5725318
3226932
5980010
409638
6023431
5279605
2856379
4621298
4151918
4228942
5111904
4561132
5985542
6009659
2087055
6020821
4269882
5890498
1680677
3661130
