6021360
4833
721305
2289280
2402272
2491303
6023913
6022243
4606562
1631193
6005292
901925
4758091
5308117
2617068
6023943
4593267
224132
3853711
5769903
6003907
3415269
1529630
5885734
3688648
1078084
4521177
1120793
6023820
4086774
4980063
115145
3708904
4566726
5474788
5050460
2067976
4483015
6012911
2868097
4272600
3448490
1281433
6023797
4326588
5258268
5461205
1971310
4062354
6023947
5924112
722112
3880510
2057919
2880978
906671
678505
2858188
5827958
2308683
6023802
1259510
1713059
5214807
992484
1889213
1366679
1173513
1741654
4851590
4267754
615754
5922401
693398
2419531
4312167
2452680
143030
3155639
4433051
2026293
3537572
1240676
740361
618598
1030011
4509457
6019401
1009922
5893247
21945
620097
6023729
833881
5670971
5971390
5361412
219981
5862288
4621324
4692668
4377105
2809097
2414957
5967295
324364
140816
3059030
3040381
920173
1701830
5932250
1614385
5742084
670206
1560062
609597
3635309
223992
862787
5257515
3559349
804005
1077672
341994
5640191
193453
5966609
1663001
300257
632447
302918
5615512
3425536
2077131
2257664
3191577
2362478
642070
4291805
681538
3062004
5705847
1139830
5757833
875023
5031275
3158963
4489981
2006048
4999394
6008385
3430879
3679553
1707654
4301950
5329137
3324376
1386227
6023969
1073631
5538678
1229355
2281110
351585
546509
2542856
5995584
6023789
1241726
2864740
5436931
5699534
6023984
5314529
155423
5923829
5280543
5848822
3093387
4488074
2391859
207421
4706785
6023935
4798403
3857942
219159
3229644
1259275
1008537
1827903
5880678
1244302
1804424
5008845
1090562
1483954
1203211
6015740
603977
1174114
3979429
6018093
2430392
3403603
3220887
5442246
6016483
5278889
1040718
929076
1006521
3395512
2929205
6023533
3723423
1391953
4219973
4671251
3966640
5853530
1370847
1030294
5849210
90096
918959
5554372
210916
6023289
1696972
2071317
3856666
5985526
2128947
393267
3976545
3426684
660921
5655255
4597306
5241794
3597095
3935118
5982711
5899503
2813224
3113477
4706184
6023538
4774918
5157478
204610
6023983
1610950
2327517
2840916
2709645
1979013
437506
134633
3122442
2442099
6010697
784187
5482962
419
6015212
5989149
6013339
1296707
4153719
3250829
3921109
356838
422335
1746830
5892719
2988
4287733
4411186
5221346
5795415
852916
3785314
4951931
113088
5002010
2283319
2441442
3182664
3213337
1199792
5389297
556573
3294262
4589398
3671997
3157778
5566580
6023990
4039286
4039065
4568748
1196150
3813210
3617886
2250263
1095365
5577612
1426065
5969300
3657433
6023995
4066269
5989753
4798534
1329813
4208058
5975032
5565851
1168070
1793353
1953801
2636887
5538420
6022329
5875416
2970947
294884
635090
557196
241631
3404097
980550
6020197
1237053
1052237
4413572
6023946
534109
1175966
6023923
139985
1861417
3016184
4781210
4512451
3266083
1260495
159145
5991621
2741273
6021082
266012
975109
6023883
6023901
25646
6024000
6023893
4206407
444578
43846
778560
1306132
1290731
563394
4190526
1898126
2069064
440119
754215
6024022
478765
1401213
6023963
364772
5131814
634824
1123460
6020942
6012451
2245773
2859883
1831987
4462456
238704
6023414
576396
5186820
4694696
5022249
5361321
5070440
3977529
5872573
383847
2176389
1227923
742775
5731847
312172
2565354
19784
2393191
1339732
460557
5628323
2055998
5468020
1509104
2719875
1783237
5985386
6023976
106104
5008846
1424575
2445694
1320535
4789738
4062630
1739784
5509627
6023550
3591953
7841
3329564
1104328
1785053
5915915
3826372
1258525
3225495
754122
1229405
2891664
3567262
2104879
5969609
974155
4734572
5389997
5875384
549471
705115
5423644
2067753
6017200
3100921
5221149
4804019
1387588
4698242
6024017
5846543
4803173
3708219
126769
2066736
182668
6022656
116941
1898811
6509
426790
1560697
4683264
3871401
4501480
5765719
4525976
5849470
689152
2321592
6023669
936986
1272386
6024018
5889530
721269
1305067
5319888
4044696
421163
4337367
934599
3096683
2352585
478884
5562492
1852984
6021673
3025522
6005229
1395203
4402233
2430657
5923884
4694807
1931740
251986
6020735
5673705
5634769
1438542
1821829
5993546
4461608
2631637
3470479
1532618
2827823
2130046
3956566
683776
1080890
3282434
2663210
1840672
7432
6018693
2723523
2587435
4822254
6020460
304683
3677885
2612497
314166
2423164
3935156
2319844
151239
1040885
3711788
1924443
349974
960526
4547701
4484832
2423249
2934206
757508
2079032
5342382
1815716
3786870
4699581
5684647
818326
2701402
80353
1710221
3835864
2757035
1065190
1116364
1891677
5482161
5849982
1798593
1861013
4153603
6022087
424957
771848
5500368
3100482
4350078
4905579
4099495
4603670
4660454
1294705
392102
5715852
3678433
677561
3044493
4620733
5956682
5983781
1287732
2052889
22417
4610613
2896880
3649347
2189127
6024026
5965283
5776545
1260286
4952777
5666703
5709883
4504191
905902
5874742
1505939
1499575
545359
4394569
2225281
440558
4931701
1958327
682404
2609259
4372746
4667740
1429950
4476680
613004
34806
6024055
1405065
1048138
3872311
4013131
4585990
4598042
1231329
958241
773960
2197155
263693
5587809
3072904
2582369
5858429
5989547
5005768
6024060
5903568
1330341
2032568
5906474
871026
5833158
69938
1063392
1133557
3182143
3943312
5960784
5321067
1535982
644898
2774483
5528593
6024088
6024082
1953163
3892240
2847956
848678
2535611
1778988
1048200
217723
1457363
256196
1496707
383904
2640165
2303865
6023299
5229540
1718554
5720536
5383056
3175562
3555000
6024089
1923082
3677726
80274
3745022
371753
6021018
6024065
3122083
5230901
411591
4579474
15168
973108
5303201
2911888
5828883
1901786
3086470
1292733
34409
1914161
1675976
2180686
5674163
807126
6024077
578480
2772029
6023926
4876291
1530508
625914
5844201
1559778
3134171
2562693
5546017
6024093
5059592
1230086
6019517
2343116
3336559
5735775
5021963
5750477
147356
209629
4748047
2658938
5713839
838693
799824
726106
6007694
6023379
2204410
5579964
5067047
5724338
323407
539830
10986
4178623
4795499
2355510
2256008
2876565
6024066
4993010
2132213
6024096
1219618
1756702
4313797
2050055
5874405
3122071
5741550
4372452
196561
156811
209259
2848061
6014753
1919235
1154932
722804
3740012
4164192
1240763
6023084
409172
4244095
1741094
4453584
4508432
4986628
3604955
1226963
1415724
609079
165216
5802782
5534922
3839405
1374576
629127
5494798
6016946
4910279
697370
5605867
4394015
5593493
917249
6022842
285915
4573556
5993797
6017377
5644794
2954473
1456877
1900648
3350390
1387462
442968
2007925
4802649
198536
906839
5166249
1661423
5260008
6024098
330057
1312143
4415502
5339492
1514467
1795240
2801316
2716377
4959221
2216129
1156519
6022976
3402248
5914670
5169
4963808
2116607
5849798
5133585
2278029
3784721
1781259
333340
5761306
5984184
5000417
2988730
6022303
3133316
1766831
5987427
1593860
791657
1695612
34397
1202432
3450277
17373
210613
3255670
1614998
5156137
1918890
2224584
223478
4921818
5202965
568254
410937
5952340
464075
5949249
2563755
1076333
5245972
217019
6023147
2427757
1318213
2634948
1884003
6004895
3711622
332733
4893788
2623324
695591
179529
101254
5229124
5981952
4860513
4406447
6020611
1849664
2723416
1872476
2155605
74195
2247550
2480458
3392132
823617
907734
864909
1714397
142240
5670861
3002139
2031172
764446
2166188
6016853
5381912
3646273
4589438
5234496
5839022
4569755
1020311
1916354
5781079
4039690
2295256
446239
4555367
3390935
623266
3777958
1708801
3043
4600
2514481
2751384
6018651
3773114
4255554
3614835
5962841
940794
726667
390695
6016983
3574819
2483484
1594897
1455243
5856131
3545806
4310404
506413
6024005
1335527
167911
222908
6019239
428972
50902
550235
274579
488397
4466368
6016473
1208034
2824342
870729
611545
5937076
4714697
188179
2055854
1164937
87796
5303401
18278
3108778
2704360
1004379
1271826
6024090
4619530
4945232
299209
115049
1672986
5542995
4178561
1295564
6018278
4633062
3463682
491239
1361787
6024141
1090710
5765372
1081897
1171191
4284406
4171112
2157378
3214482
490454
5978702
3007373
535275
4941350
5101046
2466819
227436
5493786
2844319
1139730
2664437
522444
4452774
499581
1846747
1935500
1432664
6004772
5549013
5330423
5479963
84128
2785528
5487099
5128171
5198394
505088
2767207
2589139
3349551
4438388
1082367
3978849
3683105
2035262
5832442
3478822
1625795
1568213
5613449
1220089
5432435
4094366
5472518
1047708
2709616
12523
2237387
5553486
2880970
228145
62082
4183221
3549014
5706350
1091824
76810
5954524
3647086
5505741
6011770
189946
2656632
5530151
293078
84131
1497783
1502891
557179
1283348
535871
1407478
3068258
6015572
4830578
3466196
6008370
5113881
3500743
54506
6023367
6005409
5274783
1493795
5298696
2303664
633098
336100
1847592
5404527
121687
3314143
3553279
1632305
1815980
237723
1102677
1353011
3388138
1845408
154694
1316124
343204
3879992
6005106
1043721
774163
5311230
1332580
5775283
6017122
2090769
6024186
3830684
194940
85371
1922061
4360875
2923027
4661191
5666987
616443
1159915
2638437
2921939
6023543
1122069
1011793
2868352
5026476
6009778
387927
5469439
3957352
4594532
5283030
5637421
416868
739270
5290840
4901979
5499118
792910
5377805
5188553
5569979
4661264
454780
7412
2909654
849891
30001
2714301
3717023
2013341
6017207
4933038
1613511
1428713
5028564
3539857
74068
3572582
4386239
4372285
1770246
1667278
979580
3732556
256970
2449389
1054992
4861069
5932561
1801524
5257450
5249307
6023227
364696
3138436
298494
5642068
4593741
2337480
5377437
2136663
5654842
2057709
1571000
4257225
785349
1943878
5815832
5901428
1435985
4927393
5579164
3430603
1758319
804741
3402095
5222902
325418
916225
6021522
5802468
2468723
5471063
3926735
1666242
748858
1267329
4168046
3789503
6024198
6022492
5850007
3498022
2593738
474462
756809
5452285
2577687
5024892
1258079
3541916
1062441
1863853
2840864
3933332
633183
2875733
483266
4516174
1683141
854401
4607153
2498782
4905894
3660378
2697630
5951289
6024127
3227447
2823146
3111609
1100552
5599385
2135548
6024199
697911
3863146
2675672
3038677
2709090
5992514
5593663
5797856
97073
6023390
5992185
1174024
1278263
6024156
656449
4565405
16076
6017570
4797914
1127241
1409113
34211
6015428
5826131
557846
1123816
5340371
1939922
5096874
614157
659298
2135453
4760203
2010764
148335
3011380
3706129
205185
3431942
6013790
1162274
560768
6024222
2201382
5402030
1242974
1994235
5996757
2913864
4496588
2011147
4995893
4016197
4619336
620642
1155237
805007
5998820
2425513
1400793
183406
2970789
3918993
579828
671543
112731
3084511
2246120
2388760
1327678
805548
3088597
3033496
1904088
2486888
6019061
2000548
2893491
5434621
5344175
6015092
2403193
516701
2109254
256618
5240430
6040
6018401
937841
1857279
5067493
2029220
15031
2469520
6021084
40851
1110437
1401879
67566
4411955
40521
499636
2329988
16007
5927535
5483958
1300892
2043471
1993577
5007332
3977077
2121682
2420409
5302008
4919205
6001214
879035
6023707
5858704
6024228
428908
4497050
6024258
6024249
3314624
3744182
156755
5100743
4621447
400547
8513
634003
2756547
3101298
2073257
4963558
5931145
5915850
4909577
4774369
1320351
5155337
3501205
4107956
3150635
5403473
130560
4667831
4009898
1338031
1461008
4644312
6024056
209129
68507
2087055
5885018
6024256
2840103
6007764
3700106
2252814
5298819
1973098
2263560
6024260
1560681
4783386
104223
2535509
2317490
4672243
5830743
1468116
4601170
5819577
5787829
1041336
5483872
225600
6024270
1491895
5994686
4422347
5651307
1613640
454615
6023471
4406346
5043867
4468237
5872611
2773607
5939892
6021026
3104272
445215
5966448
3504589
981744
5289734
2038901
471093
2305274
1210561
13271
6015788
2194364
1441122
755666
3098466
1142958
1026105
4914510
2449057
1422451
3573614
4053066
3518452
6023887
5838274
3427727
1476269
4984255
4438035
4626813
898073
1744753
5454585
6023693
3013715
2058046
1274862
174777
2279083
5967915
4428999
5966525
1953800
5991922
1180289
253575
4401597
3832970
6023260
2860319
6000244
4856258
6022591
1406609
6018863
4675269
1318694
684908
5748019
3862050
3186555
4684726
5571541
392
130164
5829866
432282
2195403
5806130
180286
465056
2411802
5699394
5171219
6017735
5244695
4620449
5294761
4242675
31325
1076451
5988856
2209980
128035
4482905
5459839
4110919
552182
3418066
5518989
1911941
667810
1666116
4683697
2538207
1467082
4572570
5485931
261405
3433
5751175
5321
6014874
1014413
6024216
4353060
5066324
1553385
775
4523809
5992978
5992465
1209018
848930
4931657
238948
427332
1745001
540665
4528276
3151675
6022341
5344058
2879327
576671
2797642
5632714
4338898
530728
1836420
856804
2900
791604
5836823
4248328
101130
247533
5083288
1878264
4828276
5984964
6023683
2715393
3900322
1982354
4401439
4890251
5813181
5037910
5637872
3894266
1130801
4369876
6023422
962265
5720087
5896847
5090771
5034195
5140175
2462241
617941
4309949
306323
19556
857932
2509
4493835
740553
6023542
5696792
6020935
109749
2267999
6002440
1129819
6022780
6023611
6013332
268581
6020863
3141240
152786
1986221
1516856
652722
5481420
5019163
6022345
2916756
4384989
1793718
2030219
3128921
90413
5168739
4117061
1886109
775516
1958200
2212907
22656
734069
1105562
1602584
15275
2162900
5082235
6024076
5147241
1885713
285587
5678785
366489
2602984
1609556
4687565
3398485
5668187
5237611
4231246
5833869
1116115
567276
6022482
279791
21969
529337
4803331
5314197
4084981
765075
6022733
4077389
1113260
1405667
2210301
2162496
2058844
4580942
2057171
52249
879046
301447
3538173
3266847
2705585
351511
5473329
70427
5569327
130204
3218478
5861796
6005455
2732801
1768303
1344961
1984371
512651
412923
909974
3070254
5229523
4661744
1920695
2018846
2252465
1191259
83605
6023755
164276
136558
3592020
227267
2516829
1361270
612445
4056146
16582
2056455
862270
1303836
4790399
5047454
5030225
5182062
2254048
1928863
3544566
4891079
569976
1507888
1951057
72625
3811484
356849
2140241
6006979
3690301
1090791
5719935
4871939
1070452
5886483
160728
6022884
988941
1221747
4646662
1071308
4660280
3222825
623300
5967528
1354557
5225899
4996248
2418532
2591234
5850593
4985241
61164
1733644
1602819
106224
4574281
6023133
377398
625403
887210
2700673
5037251
463857
1312780
1650012
2036650
600339
2784512
1777480
4667934
1613573
874024
6024257
5081563
2912340
5496024
4863783
5878860
4604579
3804392
2180785
3018586
325521
2175350
1018943
2890083
4413911
5540292
259769
865617
3954928
2530266
4560015
6004650
4518455
1678053
4872413
5213437
369897
5619089
1817170
1048572
634919
5702893
1177890
1566221
5453797
4150685
1855677
2094352
913903
5461000
5864269
4669350
4496165
5868054
5456493
5457779
5894647
2371601
3507137
6020412
3204942
5469621
1649678
539684
1626632
2803960
16725
2713582
1909640
5379340
224410
3160881
211665
5406239
992765
20862
5864993
5432806
797049
5303441
144088
5392065
3656912
120731
2592042
4039014
1109199
18157
1646996
348716
548225
661519
5866175
3041129
5991904
839411
5409748
766466
1437652
212878
4806509
4618272
772649
4917254
1641107
2797197
3345375
4022289
347727
98207
4049257
3816212
275047
5617035
4368648
