29407
6309
2108972
243373
3160747
5168011
1209018
3710865
2939061
11683
4874962
758133
4675269
4932376
4657037
3298385
5031275
4502878
3598756
300257
2283319
1873365
4221420
348796
3107430
1048200
709413
3559349
3470178
261052
4505733
2960335
5915915
259769
21945
3961641
5082337
4077574
571407
4502237
1937249
188096
676195
5770147
1254147
641955
2890201
4146185
2107876
422335
440558
1643971
5797856
217408
5988952
4003407
1797425
4689835
3220113
5670971
5223026
807126
5506221
3244046
2035262
836390
6021497
5990024
2877241
4607153
2562693
5316949
2606013
111110
4039065
596781
2783370
506413
3011380
5998425
563329
11182
4016285
419425
620382
4501480
4828276
1976941
6021409
477878
5290840
2490286
5900517
267000
4301079
17034
4544823
6021340
3789665
6000978
115145
65694
1806780
902224
4154146
4190526
841108
464581
4428705
5034964
2169853
2181514
560768
6019825
5880775
335858
1197518
2004530
447901
4700156
4604579
2901002
5959470
5459839
3403603
5933320
5044042
5617035
5914939
3906755
1666691
887210
330315
314166
5349215
84433
1035613
4555367
2525231
2468587
949476
4201498
224132
5696792
3797140
5921826
4262407
5008846
2238178
2156952
157882
1553888
180100
1529673
5718582
1977887
3582362
1761022
4985241
209103
5778658
419116
5991334
1134686
1288722
3732271
4172870
2657121
4062354
5466118
5785362
2245773
5067542
505088
5406885
5381756
1379931
1746830
2592042
1407478
3079318
4218017
1355707
2253302
2050455
573032
5867572
5455629
6021315
1084416
1714187
22656
1139830
706532
2836621
5054239
761212
1218864
982161
207421
4128945
1745672
270986
699305
3132781
3510736
2444099
1816580
2667536
4037348
6021084
5401992
5959625
1988185
1775531
3956566
4308892
462627
488397
3671842
946850
784699
3971496
3436535
5826131
5332500
5666987
4232842
2827823
248567
4473327
5799671
62576
13508
6019644
95954
99354
5229523
1260286
6018505
2435473
1034897
3973283
2535356
5620296
2750477
1758853
1668849
2637838
41942
3939200
3702797
157247
432681
1492883
595305
1177441
5740395
13302
246408
987509
1697572
171318
1560697
3716774
5483317
2551215
3024660
5891223
5928038
3125880
5218213
1682924
4596494
11654
4262421
876739
3919155
673271
5571461
4070848
2587435
1847592
247643
3210312
2854632
113962
2227743
1364007
682515
390462
5264977
650891
5996765
5575109
1559401
5969755
5450589
5050667
3313064
1260260
5430330
764516
97073
1870799
546861
5799642
5614502
2981429
4833
3580433
3899583
2681948
2134421
4363634
477037
5454585
1348273
451475
1548839
3291873
3987294
4754790
1759128
4431058
3740012
5389500
3095538
3082512
2209511
5889992
663031
909565
4806927
5219502
5784724
4554741
2148519
5732862
18771
5865420
5566382
4014959
6021026
706870
420303
5899631
3626659
1091824
4985176
3852595
337128
122005
5059031
546054
405623
5686131
5418938
2897748
593144
19068
6009349
2204410
5946647
3563414
1581090
5527914
1307262
2071317
3963555
2576254
340390
1046374
3001761
5908724
2113599
1296707
6021365
387194
3790150
3713717
2095534
3382204
545127
4440874
1837367
6006661
5546714
1021933
371250
2229229
5921905
2649012
663660
5916150
3921707
3395966
324584
5914346
2196751
3670112
661519
282328
5619736
5066324
6021263
2568341
5720340
892256
1422451
3152130
1765629
1229315
6021744
3832045
2423164
3807736
5924721
5993864
5930228
743382
5246463
1622493
829571
5317237
1569967
839601
2711295
6017633
4501700
989121
1344961
6021817
4302659
2218697
3440745
2641959
4082723
5860845
6021793
4248328
2074608
6021775
5202563
6021807
5475134
1187415
4601170
5033325
1230836
2858170
1473559
3716114
5521564
1544012
6007218
76051
5043867
3598779
3410396
98713
5589026
214446
1371451
4277741
146073
3050590
104349
5126408
548048
4507649
5994681
5875219
3853934
537189
1819209
3795501
5466049
5512319
246342
1654971
5011437
905488
2401175
1729265
5676492
3201671
299924
797485
5046468
5021963
5600292
2351598
4646270
3552770
3538012
5983290
3349551
3100115
4154257
5752562
127863
1237575
1866193
5208889
5336215
1623130
5894647
3740179
2991525
794458
5655039
3814958
227267
616310
4090987
3807729
1030675
466862
1400793
437506
3016153
681865
1593077
3736955
6002727
3874781
6021669
849105
2361316
942767
2677528
3452078
4410165
2413303
4593267
4853953
2528939
3294262
1019952
3745022
3398554
674064
1455421
4937966
3764814
183406
5850650
897295
4546874
5097103
3821178
4266312
2014416
6021008
5772778
1351745
4326588
316644
4685155
4770166
1992780
5828204
5875416
6008948
4892199
5891747
2300387
3014041
1146363
5393381
3551754
5020815
6021959
2141635
5406012
4055635
4558367
322912
6020483
360211
2050780
1126841
5810015
4558709
235671
5233187
4189299
1175077
3620003
3508182
6021018
905101
1172798
5085393
5908572
5326369
5382150
3553279
1630171
5857215
5055195
3535399
6008067
5634822
3577765
4158467
4303162
5147016
5108962
2204926
2099451
1818839
2771556
978486
2929337
965972
4777997
5480179
3207
2415293
4989460
1886229
1646240
2847436
6021974
3437460
5927535
6021833
5730186
2573127
6016313
1945911
278354
5990688
997688
511302
1523776
981049
6022005
4116782
5285193
2520974
4110466
3371056
4826200
5986677
2299431
937133
5724835
4785110
5432435
445215
406912
6000713
1413395
6022026
1196906
1346996
5440463
715158
427158
1529346
3178944
6012911
5404527
6021911
366904
5923007
1635668
4745776
5231305
4272464
5925366
5769698
122718
510937
253056
4779765
2159510
938668
109702
3184785
1411607
5827958
6021953
702944
1664624
6021917
1121249
5834139
6022017
4491661
5986331
2226112
