4453584
2732722
4541624
6019401
29407
6309
6006650
2108972
6021344
243373
4635388
5728991
3160747
5168011
1209018
5828883
3218478
3710865
2939061
2325924
6021395
11683
4874962
615754
3145318
1907700
325241
758133
1245120
4675269
4932376
1340389
4657037
3298385
5031275
4502878
3598756
4905601
581760
4759138
300257
2283319
1873365
4221420
348796
3107430
2780791
1048200
613130
6021165
709413
6021243
3559349
3470178
3539857
3226932
1538099
261052
3307520
5255018
4333555
5235488
2970947
4505733
2960335
5915915
80274
259769
232642
2165862
21945
3077495
3961641
5284728
3832970
805548
2706707
934239
5082337
4077574
571407
4502237
2951316
1937249
188096
5651777
879035
898348
676195
5770147
5535245
1254147
6010517
641955
5135761
5740031
2890201
4146185
6000353
2675883
2107876
422335
440558
1643971
5797856
4893788
217408
5988952
5918195
1672458
4003407
1938911
1797425
4689835
1466046
1509764
676155
3220113
5670971
5223026
807126
5506221
3244046
2035262
836390
5081563
3075340
6021497
5990024
5719935
5961523
5179529
2877241
4607153
2562693
2951368
4318379
149341
1726423
5699534
5316949
2606013
111110
575376
5807895
2045818
3973851
6021513
4039065
1472779
596781
2783370
506413
3011380
5998425
563329
11182
3101532
4016285
670396
419425
5828248
5237560
679824
1141829
620382
4501480
3746301
869736
2382728
5767814
5655255
1770246
4828276
1976941
992484
6021409
477878
5290840
2733735
2307097
4301950
2490286
5900517
5859151
267000
4301079
4184194
17034
4544823
6021340
2338477
932002
2496702
3789665
5948804
6000978
115145
6021470
65694
1806780
902224
5951289
4154146
3018586
4190526
841108
16725
464581
1290731
4428705
3185459
5905741
5034964
2169853
2181514
560768
6019825
5880775
335858
1197518
2004530
5537814
447901
4700156
4604579
2901002
5959470
5459839
3403603
5999914
5933320
5044042
5617035
5914939
3906755
1666691
887210
330315
1968182
314166
4287733
5349215
84433
1035613
4555367
2525231
827263
2468587
4016197
949476
4201498
2805305
224132
5696792
3797140
5921826
4262407
5008846
2238178
2156952
157882
1553888
180100
478884
1529673
5718582
1977887
3582362
1761022
5344058
4985241
5501675
5858704
209103
5778658
419116
6006367
5991334
1134686
5526949
1288722
3732271
434551
4172870
2657121
4062354
1405065
5466118
5785362
2245773
5067542
505088
5980010
5406885
2087070
756809
5381756
1379931
1746830
2592042
1407478
3079318
4218017
5861954
1355707
2253302
4969969
2050455
573032
918959
285465
5442581
5867572
5455629
557846
6021315
1084416
1714187
22656
1522056
6011404
1139830
2563754
3716699
4183947
3478500
1169519
706532
2836621
5054239
761212
5934169
5678983
1378252
741747
1194854
503099
12711
4785937
1218864
982161
207421
723980
4128945
1745672
270986
699305
3132781
3510736
2444099
1816580
2667536
1577341
4037348
5298696
6021084
5401992
5959625
1988185
1775531
3956566
5795557
4308892
502381
462627
488397
3671842
946850
784699
3971496
2777375
3436535
628725
5826131
5332500
5666987
2998271
5006469
3527297
4050261
4232842
2827823
248567
5801126
363777
4473327
5799671
256196
4649143
738999
62576
13508
4938007
3144159
4767498
6019644
5273921
1391249
95954
99354
5229523
1260286
6018505
2435473
1034897
3973283
2535356
5620296
2750477
1758853
1668849
4387543
2034192
5460719
1855677
2637838
5585476
41942
5900011
63550
3939200
3422102
3702797
157247
432681
1492883
2357112
5366075
595305
1177441
5740395
4982088
13302
246408
984823
987509
1697572
171318
1560697
44309
3716774
5483317
2551215
3024660
65863
5891223
5928038
3125880
5218213
3251036
1682924
4596494
11654
1060350
4262421
4725592
876739
3919155
673271
4409409
5571461
4070848
2587435
1847592
1103606
247643
3210312
2854632
2198298
113962
2227743
1364007
682515
5499118
390462
3723423
3555845
5264977
460363
296328
3307261
650891
5996765
5575109
696632
552182
1559401
5969755
5450589
5050667
1913824
4667831
3313064
1260260
5680735
5430330
764516
97073
3711185
3933375
1870799
301607
546861
705642
5799642
5614502
2981429
3629249
2035825
4833
415448
3580433
3899583
2681948
57879
2134421
940098
5890708
4363634
477037
5454585
1416225
1348273
5836823
2813224
451475
1548839
3291873
3987294
4754790
1759128
4931822
4861069
4431058
3740012
3448527
5389500
3095538
3082512
2209511
1171191
6021695
5889992
663031
909565
623041
4806927
4419336
4281779
633183
5219502
5784724
4554741
2148519
5732862
18771
5865420
5566382
4566726
6009025
4014959
6021026
706870
420303
5899631
3626659
1091824
5560789
2005428
4985176
4685379
3852595
337128
122005
5059031
546054
405623
5686131
5418938
2897748
593144
1079221
19068
6009349
2204410
5946647
3563414
1297743
1465756
318758
1581090
5527914
1307262
2071317
3915717
3963555
785241
2576254
340390
1046374
3001761
5908724
2113599
1296707
6021365
387194
2544762
3790150
3713717
3671129
2095534
3382204
545127
4440874
2681632
3906760
1837367
6006661
5546714
1812457
2122392
106159
1021933
1524450
5863112
371250
2229229
5921905
2649012
663660
5843673
3114742
2741273
5916150
2446955
3921707
3395966
3713303
324584
5914346
6012107
2196751
3670112
661519
819019
282328
5997825
5619736
5066324
5962592
6021263
3218693
86967
2568341
5720340
892256
1422451
4408126
3152130
1765629
5548397
1229315
890537
6021744
3832045
2423164
3807736
5924721
5993864
4174897
5995009
5930228
743382
1424244
5246463
1386886
1622493
829571
5317237
1569967
839601
2711295
6017633
4501700
989121
4657699
1344961
6021817
4302659
2218697
13249
3440745
3003365
2641959
4082723
6012434
1661745
3811484
5860845
6021793
3477005
4248328
2074608
6021775
5202563
6021807
5475134
757508
2079032
1187415
3625713
4601170
5095577
5033325
1230836
2858170
1473559
3716114
5521564
1544012
6007218
76051
6021650
1259510
5043867
3598779
6020790
2274074
3446439
332578
3410396
98713
5589026
214446
1371451
3210677
4277741
146073
3050590
104349
5759828
5126408
548048
1637105
4507649
5994681
5769903
5875219
30001
1684269
446594
3853934
537189
1819209
3795501
5466049
5512319
5270839
246342
1654971
5011437
3336559
905488
2401175
1729265
5676492
3201671
299924
797485
5046468
5021963
1342232
4194189
5600292
861716
2856640
2351598
4646270
3552770
3538012
3773893
5983290
1174414
3349551
3100115
4154257
2571705
829971
5752562
127863
1237575
1866193
4944425
4321319
5235574
5208889
5336215
1623130
5894647
3740179
2991525
5088930
794458
5655039
3814958
227267
5989547
616310
6020951
4090987
5982110
3807729
1030675
466862
1206007
1400793
437506
3016153
2920627
681865
1593077
3736955
1007385
6002727
411632
5990356
1073631
3874781
6021669
849105
2361316
942767
2677528
3452078
4410165
2413303
171456
6020362
4593267
4853953
2528939
3294262
1019952
3745022
3398554
674064
230513
1455421
1610864
4937966
3764814
183406
5850650
897295
4546874
5097103
3821178
2991319
4266312
726106
2014416
6021008
5772778
1351745
4326588
316644
4685155
4770166
1992780
1206613
3871959
21336
5828204
5875416
1256219
6008948
4892199
5891747
2300387
3014041
1146363
5393381
6014500
3740093
4202198
3551754
5020815
6021959
2141635
5406012
4055635
4558367
322912
6020483
360211
6021936
2050780
1126841
5810015
4558709
2716377
5274
1933677
235671
5233187
4189299
1175077
4907767
3620003
3508182
6021018
905101
1172798
5085393
5908572
5326369
5382150
3553279
1630171
1993366
1602831
3826372
5857215
5055195
3535399
6008067
5810903
5270291
4336330
5634822
3577765
4158467
4303162
5147016
5301159
5108962
2204926
2099451
1818839
2771556
978486
2929337
965972
4777997
5480179
3207
1848489
1168654
1631193
2415293
4989460
1886229
1646240
2847436
6021974
3437460
5927535
6021833
5558885
5730186
285190
3746076
2573127
5101493
6016313
3744544
1388116
451969
1945911
278354
3420756
5990688
484041
997688
511302
1523776
981049
6022005
4516110
5433027
4116782
5285193
2520974
4110466
3371056
4826200
5986677
3800782
2299431
937133
5724835
4785110
5432435
445215
5491906
4376437
406912
6000713
5414452
792888
1413395
6022026
4182275
1196906
1346996
251311
2393191
5440463
715158
427158
334270
1529346
3178944
246811
6012911
5404527
6021911
366904
5923007
1635668
4745776
5231305
4272464
5925366
5769698
122718
510937
253056
4779765
2159510
938668
109702
3184785
1411607
5827958
6021953
702944
1664624
6021917
1121249
5834139
6022017
4491661
5986331
2226112
1627074
39155
3535399
3713717
13302
5614502
519413
5769698
5290840
2525231
2496830
5712472
4491661
5011437
510937
5382150
5351275
3232779
4544823
3924118
5724835
1886229
486845
278354
3178944
5891747
2351598
139459
2415293
5666987
5455605
1581090
5229523
6022017
663031
836048
3170514
5902982
5860845
6021793
17034
6021857
5512319
4342799
6008067
5690829
4473327
5658591
4108415
6022005
849891
4835435
6012041
1735141
3559349
5955462
4128945
1411607
4685155
4770166
5231305
3376688
699305
5404527
5459839
2099451
65694
472495
6001222
5646962
4062354
6021959
978486
219136
2991525
5718797
4853953
2025531
2284629
4397360
4137590
4899261
3755468
2615041
2159510
663660
1981832
267892
720999
5732862
1806780
5208889
5947160
2490286
436560
5108962
2226112
419425
1976941
5972774
2897748
4555367
4536955
5326737
3745022
5978708
5772778
546054
958051
3304426
3807736
3441734
341994
316644
1529624
309145
1217536
4151926
5930228
129570
5825061
584548
4753897
5506221
3016153
2474656
3314095
314166
784318
5986677
5916150
5659806
3840956
6010920
5275436
5588759
6021807
5980425
706532
5440463
5406012
1505939
3291873
987509
5740395
966703
6309
93691
792549
3563414
547331
758133
4777997
84433
1529673
3184785
1274254
3790150
3740012
3072904
5880506
5589026
5085393
5917094
3748349
4208058
5624578
5097103
1630171
5648342
5685006
2910943
5060118
4593267
1919155
1714742
5741205
3633380
4759033
6020448
2038901
942767
4387810
2895346
4558367
328397
5988952
188096
997688
797485
1553888
5453596
5946647
2204410
2929337
157247
1413395
6022046
6021953
4874962
122005
1764528
1035641
2336231
1081532
253056
6018860
3598756
2541573
3122885
2227743
5696948
5095059
640733
2767207
4356040
1529346
406912
3919155
4936696
5933125
1144035
1654971
5983290
3710865
5961327
937133
2408867
5901356
5216801
2515572
445215
27305
6019891
6009349
4895939
888990
5850650
818326
5182710
1758853
4037348
3971496
3795501
1172798
3135983
4146722
1432140
5941260
3552770
3397351
157328
5020815
124319
4507649
2401175
1729265
5827958
5935782
6022085
1005102
4580988
869621
5326354
1771795
547262
298275
836390
5770993
4910279
5617140
4937966
4110466
1219176
4048947
799994
3975197
5929644
2711295
5985522
6021775
113962
207421
6022062
5475134
2981429
5444416
4193439
2095534
5178780
417291
1126526
1837367
5138179
1805822
1229448
1455421
1030675
5598864
2322966
4910767
4648896
2483038
3410396
4189299
1175077
4328670
4601170
6022094
6022091
2204926
5517633
4484294
5223376
829571
1607442
5738278
2608451
5875416
4828276
2252830
4730700
5303201
1746830
3506117
3201671
865617
5067542
4472907
76051
5443928
5930685
6004014
6020148
4920943
3081073
3838691
5959470
3086691
3961641
5008845
175071
1376208
4116782
3437460
5864136
141022
571407
5143135
4745776
1584263
4950339
330315
1414562
6021836
4825103
227267
5279257
2057919
5967622
2900304
3134977
2592042
6014208
5513630
5908004
5264977
6012533
5783725
5497917
1761307
109702
3402095
5907459
5233187
2299431
2300387
3626659
4449417
2608479
5079239
1991143
6021497
5857215
5401992
2014416
3199857
1407478
1652962
1668849
1209018
6022107
1311025
1503846
2428333
3546044
533941
5874937
3994528
4039065
1492883
2836621
1114338
5912092
4218017
534386
5734077
1314508
4646270
794458
5606753
432681
5670971
4827735
1814561
1269365
5765372
6017633
5698756
4309119
2169853
2573127
847845
1648895
5993864
2253302
247002
2435473
4334348
4681491
1447675
1177441
2700673
6002727
3797140
2854632
5091505
5644546
6007671
477037
3906755
1278748
488397
881558
3349551
2659893
2606013
1473559
1724749
2512380
814253
6001062
892256
103753
2535335
5071200
189205
5956829
3327620
5553810
3082183
4613417
3586018
2462996
5050667
6022106
4535797
279966
1045780
3918993
1153513
4688881
3001761
5046395
5034964
4159337
2151648
4535200
3314508
3002139
5962043
6021315
4866667
5389997
5056876
6016313
360211
2706569
559676
5966525
3194150
3209658
1593077
4633628
1351745
2283629
373528
424937
231885
104349
5865129
3527705
2692688
764486
3956566
4669839
4382240
480982
479112
3282507
702944
2530539
1680976
5521564
4308892
22656
5430981
1623130
5894647
1338
5502068
54964
546084
2134421
5991334
2649253
3702797
902224
569077
5875219
5303441
6018260
854791
1560233
5887528
335858
2470925
4573629
348796
5229926
187606
2559851
561259
473201
522444
595305
592182
3203213
3785072
5340808
5480179
259769
3963555
1400793
764516
1329340
4613933
4217999
5706835
1063742
6007218
4134321
1668622
3440745
5147016
4272464
2189127
1775531
572180
1060489
1371188
5928398
5891223
1659500
202705
1786727
2016456
3898286
660921
4596494
1135640
886917
905488
5452365
1422645
3939615
2883898
1389357
5919693
5575536
5973334
4945232
5909396
1089202
1959054
610837
1250929
5879144
2422776
3529474
15393
5492143
5733883
53943
1500583
6009898
1193342
4811466
5898372
5164428
3436535
4247945
5586791
706870
4303162
663864
2899115
1716777
1267231
3750125
5171219
2175658
1945911
1217087
5765049
5304640
5899631
949476
2766511
23616
38206
1352288
6022124
3313064
5848664
1048200
6022153
2648420
2851937
3808452
982161
5046468
4936905
3699457
6017603
93960
3795036
2245773
5933320
2783370
5571461
4055635
4577854
2349608
5879270
4717441
2727278
948243
1673785
366904
1134565
3751711
1034897
2527905
3872311
1344961
641955
2901207
99812
193789
6236
3598779
3679629
4971962
841108
2641959
4082723
1355707
743382
3152529
6008948
4985645
4750911
4946896
1761687
183934
548048
5893008
6022117
4669748
2071317
149392
827593
4090987
370132
714965
5336818
4979592
2661868
3592020
2536357
6019004
5671537
288863
661519
6022130
6016987
1105011
4790217
2815635
4931135
1484384
115866
2317490
364211
2005490
2420002
2145624
2418066
6020861
2331331
268093
5730186
2818901
505154
451600
4697585
351330
5418536
6021409
1064910
2677528
4996248
5778658
5619736
5867126
5844102
5316949
5900517
807126
1530024
905902
6021340
1528988
5971776
5002508
2906802
2129970
1331805
5172820
951139
1981274
3778613
6000713
33499
1412966
235671
3602352
6019797
4440874
1770952
1261456
665031
3402493
793891
143931
3789665
4038191
4248328
2533548
6018983
5357186
5720205
2119467
1892607
5887161
3578245
4546874
328848
6010239
6022146
5723503
1743880
3573122
2637838
355230
2294360
261052
5676492
5986816
211116
3345164
1260286
567084
5111896
5613116
5997296
5384317
205233
3825016
717902
3511639
6018048
4838189
5996765
11683
4646662
39701
122975
2641570
1622493
3498996
4029967
5115392
2695329
4172870
1691517
4564247
5784166
6010075
221700
6012033
1677912
5990483
6021960
5986331
5858402
3410196
5092539
1804075
3125113
4158467
3027593
2453661
2387127
547231
2069064
4877422
1514572
3713939
266143
354554
4522420
5979995
4917079
5716932
2254668
4893805
3795926
3508612
2050455
1542532
399658
545127
6021817
4922375
6008984
4594990
3479670
2745538
2279954
4675736
5126408
1067003
347137
3838163
278842
6016071
5456365
5196736
5772424
2901002
984830
5006356
1205581
474349
2361316
5786223
3582362
2367041
5285193
3646958
6022205
3082512
4583267
4634958
6021678
1081228
965972
2842324
938668
6015629
3877942
1889213
2497129
64644
4146185
3666387
6022204
1939754
4586257
5031324
5527242
1697572
390462
1176436
4675269
2590568
909565
5795787
159072
5447154
2688755
5427385
3510736
1849202
1123460
405623
5686131
6021911
5826131
451475
5867776
1244302
4615298
4680950
4933038
3095538
2961675
594074
2396264
820604
4329376
578411
819161
6022200
1229315
142637
1692179
866800
453741
10673
1582024
6021917
2229229
6001533
3997704
516548
504133
4762957
589259
418096
6018651
5617035
2904103
2704766
1230836
6021964
3470178
1221248
5031275
3929826
294884
5655039
286149
341750
21945
3807729
1049170
2173917
1267068
4371880
421642
205608
3274824
3174123
674064
3764814
5981753
664368
5134796
1525602
596247
596781
876739
559784
4775103
3970380
5396950
506413
1643971
6021156
6016655
505088
246408
5735514
5834139
2490497
5982920
2209876
2185513
5867572
5393381
4357259
5968171
5990024
4604579
1196906
2802040
4826828
1187415
666818
2239174
703382
2307647
2124310
1816514
5359233
5418938
4183575
3508182
771848
102205
278470
5002010
2352108
6022234
4262407
5921905
4467741
2250167
157882
557657
3814958
5944814
2022885
1467267
3624549
2851245
1682924
5117825
597473
147792
246342
202859
3641454
1610548
1113246
2378649
2294657
3842411
5466118
3663185
5990540
5923967
5327287
6022009
775345
6022240
2732801
3448637
127863
1237575
3551754
5868628
5597976
6021970
2655583
1090395
848309
322642
4288000
4758413
568362
3395453
1093528
6022076
462075
15785
917089
1800871
1910004
4296447
1067943
3157709
2664437
4263818
4968291
214446
3291269
4262421
4833
2528939
1327739
1913457
5566382
2633909
2522457
5043867
3125880
1348273
5317237
1569967
5831676
2964963
6000308
4466893
1421957
6022227
5792927
1488118
2684539
4264884
635608
42782
4924793
3132781
2116350
2730306
624459
860478
2889668
3424751
5700620
253705
1666691
5133088
217408
5980726
4422347
6018671
1888983
157274
89586
5975006
3501546
3943312
2250190
248567
5678785
3735424
3425110
2130256
825920
1183867
5743760
4221420
5145923
5234224
4154146
5892484
5157221
711654
1560697
3929782
298143
4505733
5776545
3425536
5642860
3275938
2290372
273962
4012106
3204551
954442
6022165
5726286
2879838
6020597
5883282
5470194
2469638
5637321
3162918
1862259
3324556
3797778
3100115
477753
1870803
2100679
3921707
5008846
77200
1243762
4301079
2487038
5915102
2127508
5022265
5931091
5379340
4449777
215741
3852595
4904284
837133
6021026
5737654
1021933
5914346
1001165
5529084
1305031
1922350
5817888
1220787
555045
4124290
5309984
5905935
3371056
916470
5961147
5335589
605213
3233827
347717
3439849
4882052
1530532
557597
119958
757974
6021819
2663692
5934834
6016594
1826376
965051
537189
1193518
2057516
5987548
2180721
1299158
2649012
5841127
1147286
994107
4501700
3452078
511302
1523776
337128
6022263
2877241
3360687
359175
5788789
1018188
2200733
1915075
122718
2682166
7552
2238178
976330
2283319
5390819
2415415
1267329
5960067
4436218
5936696
1113981
4892199
4008589
3597276
3706129
3383467
6022220
23060
2116262
3734244
5507259
4232842
4115669
1466854
297765
4070848
176646
5226765
205185
3530803
5982288
2007043
1403546
3179492
5433497
4802649
5629881
5874001
6021669
272109
6022235
398670
5851799
1948562
5647401
4266312
1305969
3290339
5748388
1427878
563766
267304
933951
2900893
5657229
6020483
3091468
5634822
2983435
6021909
246242
29407
5844795
2912466
2247550
4134274
5328378
445655
2579650
4108694
6022278
1873365
6019372
464581
6022269
439963
2102087
5428601
5873231
3050085
959734
3553279
3529831
2922611
2838606
2030635
4554741
1082681
462951
6022254
413251
2697571
11182
4502237
3761330
3128164
5218213
6014557
1534017
2218780
6022026
331556
531021
5547382
4891079
3615605
3074280
5895286
1797425
18771
1397843
5396835
199360
2653
437506
1484184
710275
3107430
3565696
4523799
3571439
1288869
5282243
573032
5908572
5392456
5869427
5651307
5055978
1216830
3751576
5994681
1408651
6019283
4750355
5460277
474597
109970
1492173
2141635
3119050
4989460
5915572
4756930
1457439
181221
391401
2087551
2031172
1034658
1755598
162694
4518274
1957849
616310
2259057
2839689
3936958
1692042
5765017
5657755
557534
206403
3630230
3747990
6012911
6022303
4738012
4766262
3892606
466862
5070879
1887370
777782
349733
1685160
1048138
1565698
1193075
6022013
222467
5230894
4964651
6019089
4278528
2340598
4302659
5349215
6015061
6019293
1996490
2889738
3929340
719662
37213
1571407
5975083
1135714
6022291
1094772
1361250
1520197
1924904
1590303
4363634
4716084
3577765
2201041
243373
3740127
3598286
1591616
802050
3584131
631527
2782028
5066324
1569150
3822188
149436
2045079
1362568
6022033
469230
1678362
3059623
1221571
2588732
3043870
5635892
3270057
1376499
1815716
5923007
5722169
6022125
3937
2181514
1260204
6021833
1179022
1664624
5584394
948550
3946482
5574609
2004530
2106516
5599385
2710154
4014213
3881866
4984782
139985
5600880
5477649
2657121
2113599
5293637
2530848
4205270
4043556
507169
422335
2156614
1815311
3545273
5144720
3378227
1275778
2155881
1121249
85371
214526
5483305
1181435
3515851
5694410
4318166
146073
3050590
1180054
1451247
5398110
2858170
5083643
1628832
6019644
5348534
5896501
3882147
414744
4758576
3866447
614860
136285
1235165
2143262
5649582
5638068
5765409
2756353
3820670
944919
2040496
3146649
2557145
5642618
115145
1287383
5257515
1374416
1910135
2301250
6022265
981049
3378067
247893
1455661
4495081
2253101
2948765
6022326
1559401
6022347
1110423
14104
1891133
1038178
1727092
2392955
3304471
3762805
2016562
1094271
1012435
1184030
1100397
3764804
2196751
5380027
1387346
3078121
6019825
1683264
4681800
1175966
2915302
3208719
5097407
89256
5974866
6018505
599361
89999
6012356
6733
3538012
2424424
939860
4937981
1789439
3767076
4787510
5684370
5450589
2313177
3739901
189362
5406531
5031883
5590224
5924721
6022280
702638
5458829
6020259
3191577
546861
1982032
4831822
6021008
2466431
350351
5326369
2108972
265333
3853934
418556
98713
3944414
3661196
4307249
5989633
2691039
5921
21664
4050456
1784138
784753
2909905
2030321
2057294
5306110
5176549
562139
5664563
1066915
779572
4990512
4340578
198183
257182
2130750
1197518
6022380
21755
903397
5980603
227299
6022345
267000
2279187
218196
5797856
97073
6012648
251824
3252835
274994
16632
1838509
1771213
291779
3423324
1935435
193619
5418359
95954
5772928
5566997
1037200
439005
3846228
740651
5902637
5894513
18747
3580433
2544369
1158922
1869097
4018494
1466265
1503758
1802462
183840
448934
958954
5998354
4700156
1818572
24587
715158
5908724
5695561
884372
1346996
5923558
3294262
976850
4450098
2864275
968011
1463984
5336215
5799642
5214807
1296707
1434539
6013525
4420124
6001220
3993279
98516
4395661
3424025
1503994
462627
1992780
147192
12242
2002048
99354
4417987
5919177
5942168
1088836
3695849
1399457
5656796
6004571
5059031
5770147
676195
1908746
1493382
5354012
2442099
3953904
946850
2290059
2457382
4200001
4552639
505152
1288722
5827506
5766904
1778341
4985241
4586387
2156693
5219502
625261
5650793
1342159
4721999
1088499
2144669
3235832
2924920
670206
3851706
3739043
6022087
2392691
6022372
4620080
6022341
4414935
4421
5785362
3933627
3428668
849105
2713574
671457
1339966
1526233
1529657
2433843
3244046
3175019
3268256
421524
5641865
1258041
4599824
2533275
3160747
6003135
1679849
1584654
5777615
5950754
5482962
768935
5990688
1793718
2220806
1818839
6021084
5383667
1379931
5891528
4607153
6017383
6021913
3860741
1429487
6020789
2022437
457268
2970987
2708182
6018871
5784724
234466
2209634
114664
1925257
2151557
596068
5793041
3403568
2903753
387194
6022307
569998
258741
1260260
5575109
2836288
4691358
4826200
2292722
3042313
3588613
3024660
2562693
166723
4410165
905101
1875391
1829442
828361
1824524
4869879
5827562
1451599
3014719
1221594
5518378
4354249
5917888
453005
497398
337134
1708943
620382
3457750
791121
4549782
6022395
732935
4892525
2899618
1706987
5528593
3258926
4244467
3152587
5732537
5720340
4920521
62600
10659
2377164
314056
1338292
5483317
5885227
1685051
1377323
4928576
4233834
4406595
5051310
6022377
5900271
1009922
6021375
1364007
2587435
3222913
1315962
1114460
1961413
461181
5644961
4963588
378024
983912
4341283
183406
282328
2692339
335561
1070452
4871939
4774918
5971038
4794
404970
6020987
19068
5055195
6022059
6022161
5741681
219401
6006661
1307262
5726392
6022370
3987294
839601
2395880
4578902
3457405
3736955
1037016
5892359
3770506
109374
2939061
1218864
2057535
1816580
57695
4607381
1646240
682515
2144578
6012165
4183485
3227631
1021300
1193809
2369470
1818688
2056178
355232
4477850
6021744
2055782
6022398
1928525
2299489
5590309
918910
6021249
387175
34435
5816153
6020026
1708960
1329813
1078565
1139219
2130871
1745672
4252869
1544563
4014959
5524623
1525423
3836111
4467949
5849987
44289
3899583
5426240
3501958
5563359
5938497
879601
406987
1172541
3037533
1644045
772035
5294761
682446
5313087
1552594
5073803
2542702
317605
6022408
2316642
5596068
3011380
5836391
1765629
210865
5951059
3405471
1137475
5444041
5828204
1059070
300257
2182067
45375
5810015
870729
4740633
3475758
3572210
5546714
758323
13508
5020085
1617127
991727
2796487
6017947
335305
5955880
5229870
5889530
695408
4862056
6018576
593144
2792531
4118249
1988825
6022443
424957
62576
5057502
354577
521799
1819209
3346651
6022396
1427626
5162616
5006016
4644882
1897870
5917011
3075834
5351136
2678527
1252723
1288589
3168859
4653978
5845844
5928038
1146363
1077679
3382204
4372837
11799
1984608
1148648
6021365
2391859
2848190
745903
5764128
5330357
563088
620097
4458760
5454650
2486322
2629955
5008114
3529323
650046
2148519
2158982
5495523
10986
1582206
6022470
650891
1572483
1613511
374198
6022401
444681
1938605
681865
1988185
5621781
4094678
1886109
322912
1937437
3103548
4677278
23771
5816334
5028278
6011348
4421782
3810466
5105555
5279623
4941747
1891677
754119
371250
5927535
2382803
2568341
2596711
2197210
913134
5734570
4306076
290221
4600
5573553
9642
1537612
3969795
3344003
4582220
4664694
2912291
1167596
5202563
640595
4150685
2847436
4803880
5966289
3732271
5590300
2175997
2617205
2857238
4961487
5454585
5627335
450758
1641854
2469027
1995300
2020930
632951
6022425
2615676
419116
1005559
5778523
1084416
5455629
1745544
5031098
100297
303095
3821804
5082337
3309790
4657037
3298385
2759075
3284707
4689835
828193
4525120
1466415
428928
5745820
1714187
3395966
2920648
506796
5319929
5044042
1670053
471093
6021263
2988730
67579
3596965
3398917
5219345
4016395
131930
5890887
2539103
5620296
3878405
219083
5026327
3069232
111110
202919
191888
4779765
102302
4016285
5032339
2790078
3732556
778560
694576
677202
563136
1078390
6022000
5615834
5697685
6015015
556573
1167741
5410035
1212815
5156176
5940193
2669440
145346
5701016
1053968
2667536
270986
459750
4819389
3716114
5245955
4003407
3763606
1761022
5598851
734069
5507019
3740179
5021963
4851350
3763293
5760381
3759779
560648
2751433
1786596
1308105
4959736
4233693
224409
402037
5008997
1874819
6019363
1422451
1898494
5542538
1659298
2062407
216464
4931657
2976878
3063910
2750477
5965348
3398554
2209511
2160440
2805519
5165511
5865420
5348749
1091824
5894077
1630618
5914037
428073
3618288
1720534
5406885
4345344
3763608
5987052
77264
1046117
3785314
180719
1033737
5755703
918860
3579
941240
3752988
1847592
5963435
3152130
5814197
2196124
784668
893254
3617886
5797871
1565503
3939200
423955
6022355
235334
1542569
5916196
1111795
383522
1139830
2740453
3667257
224132
146325
6020935
4967207
5311608
432913
31474
4771606
16007
5432435
1460794
3397552
5280543
5810553
4188368
5743988
5875578
5714642
2564301
3791372
5156908
1019952
1714186
5442445
5886910
1126841
2156952
1566267
1326536
384724
1204446
3835568
1087745
6022387
30440
5466655
4728286
2960335
5915915
417501
4486343
5864269
383847
187997
3716774
738639
321073
5264317
1756496
5078390
2401769
4406346
6019887
1415724
3324376
831917
151093
195932
4064416
881731
3874781
290072
172145
4756309
4532996
4178623
5941564
6022485
4279
2856379
1635668
536291
5169668
812837
5959625
5730859
3104272
2534694
2312519
2353967
5123432
5758478
6022139
3081206
5788588
4502878
6013138
5852162
4947216
5381756
5973084
324584
2494803
6022246
270143
2828147
1614998
162698
5827768
2827823
1161635
3245111
1516856
5130164
642706
6022245
6022492
211324
712294
1023019
5389500
5333343
865505
6016507
5889992
3146840
4766000
2551215
6013332
3628942
427457
4194436
6022382
3207
3917343
3098902
991992
5650878
1063392
784588
2613577
5169265
1431750
4737012
1976975
5873603
778144
1600898
5885182
5212479
5515607
2025481
5521245
1011697
5628226
4109616
5333147
5570930
6022481
456669
6022472
4706992
1452893
2273711
6004560
2973509
6022534
3490612
3010475
155423
602372
1098622
887128
4863783
209103
5745621
5877828
5430330
3158963
3887516
5880194
171846
258483
735336
1055018
5977100
6021974
427158
452307
6022490
5324369
3388138
6018037
2303664
3258604
1077309
4289880
907243
279259
1094261
671543
1071104
611545
1938359
1035613
5724813
5218716
416192
6013036
3210312
2593536
2099512
211665
6022397
1190004
5925366
3822526
340390
1046374
5607680
2105790
165216
5799671
289545
2568521
5028339
507028
3264219
2245190
3158900
5766566
1715409
3157307
3544612
2263250
3598119
5032278
5591032
4949630
3970411
1786107
2000546
1749264
1590077
634146
11654
1137904
1965761
499466
236131
3305976
4965106
337149
6003980
2520974
2681948
4932376
469935
2468587
3648690
1435985
6016761
5994041
5990384
4076315
709413
1973735
552092
4146679
2531341
6017125
526724
855225
1931740
5993323
2072589
5726811
1254147
528131
2225104
2943445
6022274
5228843
3933332
4753570
5886041
4370279
5964516
1371451
5466049
837534
617157
4154257
6022201
3884487
5289524
3997554
6021018
3711988
5720226
2951191
88374
642070
3390630
956144
3278044
3905223
5752562
4560619
5108796
1998842
6022565
3671997
2948212
3759362
4204026
5422374
3500874
897295
3717363
388520
5903434
2308683
2147769
1663942
3569554
673271
4786292
1544012
3257186
4211161
6022456
6002440
4360401
568283
3284878
2382115
6019584
5718582
1977887
4431058
3760297
1999155
2413303
6015818
4099454
3290925
1543816
4269882
6018792
857238
999595
4428705
4616889
5069269
2796922
683261
694360
871096
3518452
5992575
13070
5993666
3720222
4229509
878126
94363
6022583
1289864
964243
5025129
158297
2293534
5991086
541686
5526931
3110834
2758833
690553
55159
868736
901925
4709338
210091
5878796
5461000
4277741
1126663
5319114
1205871
1014586
78374
5937715
3501422
1870799
3074532
3832045
6020665
3877338
360826
6022494
1978703
5115830
2076848
6022526
4464702
2298070
202891
3545638
4401956
5736763
424430
2608294
219645
4914439
3225260
5168011
3249250
91585
1173037
440558
3271600
5433875
6019607
2454455
5255988
4317867
664481
3765772
4785110
5091073
155547
5254458
741616
1548839
171318
4636130
4138058
2033087
4223471
1092772
3973269
1424027
5880775
1846747
5558189
2170491
1593860
305038
3721755
5004880
4764729
861116
757100
4270405
5993870
563329
4984832
1741028
2107876
5969755
3111051
5482356
576911
1120273
4726745
4919237
2456918
59439
4908802
1377101
1202968
5033325
4077574
5672855
5180840
3120646
3298962
825359
2035262
2202512
3733721
4897777
5745748
1971322
2771556
4150352
4620771
2982773
5083136
5132804
4099541
2537154
4380481
5937287
5921826
1882311
1068367
5835462
306753
5002958
3522312
3993662
887210
2538939
1759128
6005119
4930327
4249374
6011947
6022577
871026
6022564
2795909
2382136
2666210
2715393
4008428
3102952
4214921
5657981
5328348
6007383
5915850
5361412
2234568
3080770
4754790
6007783
4055329
2978891
3221695
4799872
3736540
3846448
163024
1627079
41942
5432806
6022616
219159
4337247
5975699
677561
420303
1272683
2098932
5600292
5084274
2535356
5073678
4744038
513951
3314143
817643
3413092
6013702
2832282
5478959
601357
1207908
2207234
448501
1043342
6008337
2648077
5504652
4928877
2439679
2890201
342384
6022639
6022590
299924
2170324
2170440
480632
4600618
880990
4142924
6019603
187854
979580
5448156
1090166
2732966
4419834
2050780
4238310
4558709
5858205
4199243
2096695
5471757
2030219
4117756
204512
5433335
2622234
4743014
1069153
2632266
2509472
1710221
3835864
2970789
4059899
634576
4439978
6001831
3406576
6022580
5332500
6021862
2828599
5782732
5964571
1941756
4457454
5157519
625350
4020959
242112
85785
784699
3403603
951890
5689962
2352699
4101552
765368
5908495
1380752
4886678
5606813
55267
6019425
1936343
3984780
4148965
1775336
699215
3239666
1106925
4488954
2164642
29975
4326588
2352379
1407020
629003
5464538
862787
4201498
2260568
1498192
672841
2238770
5651109
4662903
2051058
7841
3591953
873165
6022650
2615824
4325716
2625442
535480
5716474
119123
6022221
296848
60281
6022658
1055118
6022665
2900196
5961823
1798593
1870760
1134686
6009232
6014292
1875792
5154806
4612064
6022299
4907452
2577687
3192519
5645988
5962715
2485643
3775079
6011397
4161024
5223026
938959
6020038
15754
560768
1791551
5778201
257924
2291710
5519481
1018290
3945433
5231302
5471709
3821178
4813123
219743
1271826
1266985
5655661
5967438
3671842
3670112
1585957
826983
122101
4501480
1226242
398469
5633497
3960404
1139658
4260896
357403
997668
87427
5413537
447901
3551386
1015849
5610655
5555200
4924035
2813988
4668368
548225
2576254
407650
5143847
4158503
179148
2805033
104380
188246
138383
4329847
3004881
5866886
2722213
1296610
1866193
6022674
648955
2574340
1599766
172999
2381279
4985176
4884093
1002122
2067976
2190492
4588681
6022638
2218697
73226
1985427
2074608
2780219
761212
3285730
2127296
5767388
6022629
2480090
1562904
2646539
650405
1030576
2785528
4577905
5335501
5527914
451042
5152732
3080094
4679730
4062567
2218124
455493
293099
5941805
5891888
5186820
4570329
3277437
6018594
4344465
5959905
6020045
3155933
3977529
1704745
1579670
4933827
2770850
923920
6015724
1552837
6004486
2610678
2390182
5993677
712649
3296621
4620309
1130801
5860677
359219
247643
1457051
4381034
1438462
4627684
2801316
2278029
5233410
1255393
2319775
360067
4796963
2016408
5640141
1918759
1658110
414062
6022643
6000978
4993010
3620003
3227092
6022697
5103110
5799778
1777008
3496310
6021235
5801015
2979617
704848
5413116
3014041
4580942
963864
2505053
480691
5402554
1937249
3220113
6022669
6021167
3858484
603977
3651151
618162
4577762
1475630
5799647
16363
2355510
5100115
6022690
3918011
3670132
1525840
2025125
1499698
433253
2161298
3882744
3633970
2755616
4587173
1147273
5301040
4452774
4724181
1327678
4190526
4948523
5472522
393267
989659
2195180
2576430
6022680
5923139
3695819
6002163
6013492
622571
3271687
1786699
5293110
3556394
9913
236507
3141187
2300730
1999671
5199474
3453342
2310830
5660609
3449832
1169233
4066269
4544824
2097780
272023
3955287
3079318
230340
6017988
1360817
989121
5989602
3342937
5948339
4611636
150435
1310267
1263211
2125837
4559115
3160178
5767902
1802348
4359021
2524408
2444099
1166090
5888956
5229124
180286
1364748
6017490
20446
2297008
2423164
1786065
5872428
3449772
836318
607314
2500724
2756205
1639625
6016779
1698799
4624057
1509264
208880
5914939
3973283
444079
180100
3151675
1110687
476543
5054239
2259092
1177147
1477421
371973
155937
54426
5080940
5942859
6001214
1902969
3299482
5246463
243532
4480297
5674163
5446873
863967
2413201
4433386
6022707
3585378
4600982
3165035
1733263
2804672
3138436
225242
3127813
6022681
367401
5839022
1068510
1695960
1479092
1326863
588867
6016727
1876949
5998425
477878
5972231
5413498
5890924
1844634
5866968
4806927
3248111
2371601
6020698
5696792
6016421
4452774
3763606
4965106
4099454
6022681
4326588
180100
5942859
5214807
1786065
4577762
3744076
980550
5973860
3529474
3304426
5972231
5413498
3449772
1876949
320460
4158503
3651151
5918195
5916150
4544824
5233410
1255393
1284670
1144203
5446873
5054239
1545952
700338
5084274
784594
3993662
366904
1844634
758133
3720222
6016779
4109616
227267
2047329
5799647
2030321
2238178
1745001
5931459
5890924
937133
1106925
4296120
5270839
5466049
1641867
5714537
6008067
4318166
3740093
5832445
671543
2537154
4201498
4871939
1860870
1479092
4016395
2025125
2351039
4458760
1435985
3556394
5383932
5866968
5002958
3522312
4194189
5872428
2649012
6022704
6005229
3307520
1296610
5901481
2308683
5962715
5199474
5070879
836318
5740031
272023
3585378
2732801
4003407
5257515
757100
5234343
1067943
4764729
5760381
5743988
1708943
247643
388520
1289222
1441912
4966481
2530539
2240409
334270
5900011
4724181
1327678
5941805
849105
108205
157274
3805377
1252916
5969677
841591
317855
361151
2352379
2139007
5764299
6022490
5873231
5709270
1150712
802435
3591953
5995009
5575109
5610655
4627684
3061233
1838865
3449832
5865420
2305216
2486661
4607153
4379700
4809450
10508
2717958
997358
6022669
1751766
5299099
5651109
5085393
4119004
3220113
3821804
2912340
4298558
2225104
2943445
3210312
45375
2156952
5638839
1197045
568283
119527
5674163
5666987
3732271
2081427
4756299
5577765
1340389
3775079
1428713
1613511
6022680
670206
54964
3884148
6022577
5061027
411602
4813123
219743
2522554
6021836
533941
128384
149358
4467741
4190526
5506988
3402095
5558189
1755598
1886109
296848
1413395
5993222
4296447
3217504
2125837
1395203
6014500
871026
5993458
5695600
1525423
4620080
6022613
6013138
1126841
3625816
4901169
3403603
771848
4121961
2390182
887210
1271826
1017868
1818572
1798593
5845844
4620309
223424
6008127
360211
6016853
3313064
2468587
5460277
137650
142446
6021263
5880775
1846747
666818
5987052
1223817
6022243
1360730
896638
2706707
464581
5874937
4705229
5817888
3222910
444646
817643
5986816
298607
534386
3661630
4306242
4478047
1391249
1277252
2483038
3539857
5518497
7432
5362973
29407
179148
2805033
2399035
2213590
215752
3924118
1009922
2067527
897041
5990950
3785314
5968309
466862
5313721
6022758
890537
5703925
4916174
5955462
354577
16363
5999914
4128945
3980929
5802410
5030579
1513636
1540197
6022674
5827768
5726811
92546
6000308
2038257
4669373
6002754
826983
3817053
6022536
6000065
5745621
1541533
5037556
5369493
402037
4679730
4232534
2255476
65004
125913
4072843
2225119
193453
171846
1351469
286149
4566726
5675285
1167194
778560
1263211
4535200
4907062
2415119
3964572
3853934
20578
1397843
294248
3846448
166723
4806927
1212815
13302
3420756
4318379
4891079
5406012
4568634
1139830
4998471
2039094
37213
469072
4086581
1937249
2204926
1257035
694576
4756309
893254
4096391
2463741
731998
57477
1377097
5361412
3141187
766786
741616
1637105
6021744
1925257
2151557
6022211
6006650
3389585
293099
5401075
2559927
44289
888990
324584
5073678
3282434
6022702
5432427
1882699
5937287
629120
2071317
253705
4615109
1509124
1731473
838050
4774918
893612
5088930
6022740
989121
1315857
797767
620097
5018426
3973137
2292723
1424575
2445694
3357699
2969459
100297
3100115
3579977
6018264
1933677
1196906
2789764
1985962
5171219
5782732
5964571
159072
5447154
3632138
4390783
2622234
5180989
510937
4910279
4333555
5611476
4501480
3671129
52499
3396771
2124795
115145
1910294
2705585
2059935
1524450
5607680
4208058
2776045
4612064
1070560
2577687
5472522
361855
3109248
87698
755666
5474834
1387588
4863783
1836964
93356
3795036
3529323
5745748
2195180
577181
2227015
127856
6010122
6013332
4944425
5482356
1816093
6017661
432913
859891
6022564
3673952
4279
4178623
873703
1884003
2442099
5860677
5406823
5535245
3851706
5389325
1937050
3912299
5921826
5891888
356729
411235
3987473
3969586
2035825
1667023
1094430
6001214
65863
3662734
4043556
2788674
491605
8026
1175966
285190
6018153
5716387
4786292
5454585
3777958
775806
245646
3210677
3229543
5890342
904393
5822799
5221944
1167741
1816580
1248059
6022444
2384936
4216482
5801126
2109233
5003932
1450890
3702412
1717562
2031172
2449488
870729
6022541
1984636
4895033
407650
2349644
5257621
978057
5947160
1339429
150001
2976878
4806509
3585500
3983756
6018390
6007783
6004691
588071
6022738
3063910
4406595
2792531
3679629
921636
5096669
358696
4276362
691145
2716377
2801316
162698
6013461
5899503
5036997
3494590
5108027
793341
3259329
1600193
1056620
6022780
1064584
1803408
2897008
5152732
162461
432021
4111137
4284981
1531054
932201
4989460
5059031
546054
4066024
1968
3225200
6022788
6019084
3856362
596841
2391859
4016285
3173920
5335501
2758833
1416629
5157221
4094678
5043867
1194854
1908192
1303004
2805305
3263387
405623
3711185
1141829
5982920
5344563
3821653
2720864
5993666
5379340
3345737
4483873
671943
772035
4308333
5554356
5836823
5829191
436560
3662273
2047359
17624
6022643
20670
3294262
5810903
4537655
3436535
4966912
794606
3997554
6014432
2785528
5482966
2929337
157247
4564085
5452365
6022794
1421879
5892303
5948804
4038191
3390856
5644794
866586
3604242
6022706
383839
1459144
1736068
6015236
5672880
4067594
1210329
2603072
5232184
1415724
4341644
2991525
5709159
317461
6016905
5742575
388716
2089899
6013809
2998271
2407038
1172541
5533994
2422776
6022791
3959018
4405744
1465756
1203182
86967
5962299
4907604
5404527
5084966
4640478
2444099
217408
3217306
1643946
314166
5264622
6022528
3735873
5651307
5055978
13
484041
2108278
2893491
4284401
4660267
57695
2474955
4505733
1855677
5938896
5992646
1743880
6022693
5781747
3162975
3052404
206750
4796879
61239
633107
5448913
507674
3737711
3744544
4154257
1283411
522382
5563359
1869097
5042391
5661019
6011947
3841809
1269774
757508
6016831
5120331
5269827
2410359
4593267
122005
5559469
5168011
4174897
1870799
4604579
5799778
2494803
1068232
364696
3926735
2333663
4150652
3440745
1586361
288671
3571439
4464702
2613639
4928578
5969373
1473685
5978321
742145
5459839
235698
5768335
6022755
2710154
5986707
676155
456809
2659893
981242
5632969
404970
479869
725619
3717363
2303865
5724714
6022818
4146185
5901637
243373
1169519
5537814
1380867
5807685
3620003
5712621
4493835
740553
246342
5810553
5821790
844416
3854565
5213437
1346996
6015560
1447675
2858253
2911485
5966344
6015248
408312
17034
4579081
6022107
5256908
2431729
1698230
268156
13070
1623089
113962
100754
156027
1281898
5924721
6021913
5528744
434217
5301159
268543
797485
2015187
2949794
2805154
5708638
4851590
909456
6022829
5793504
3933332
5787849
660921
5592076
456645
4334348
1145744
3305685
5294258
5182062
2732966
5079239
695364
1305969
5914374
2218597
4277741
745574
5975453
411046
5937620
1287251
3452963
2371601
1424399
604069
5376225
5990024
5740395
4971339
5279973
1290438
954442
1873365
4601434
2360106
1855822
5558885
5655661
5743760
4851087
6021708
1140438
3127813
576396
5186820
411591
3169358
3416349
3382204
1111795
2759075
5652388
1103606
5541175
120163
1870509
4603211
2938321
1816149
315677
457437
2920627
5835582
5794692
3695849
1416225
6021247
3241011
783336
4872095
5523735
171318
3514160
1153553
2833622
5139059
6019141
5123432
5144720
298494
5642068
2890201
5961091
6011404
5658277
4613933
5892652
3410396
5449738
965352
125680
5471709
5875384
4354249
5685274
471372
2750492
5413116
5853195
3872976
512089
4892502
197913
6014422
873165
6022650
332578
5118219
5754677
5328378
5448156
5770147
3144159
1972388
2637838
5535604
5767055
2054484
5383429
613130
6022816
127508
266304
1797128
6010517
1964707
3349551
3300994
2929205
6022842
3221695
5418938
4782353
300257
3407994
28376
276469
1392132
4037348
1333253
3808831
3528438
6022750
1458413
4823594
2050455
2310830
2086291
168610
6022844
4713729
6022389
3527297
2174085
6019377
2452039
635608
3220887
5340092
2399879
5584394
4308892
3152130
1624450
2589503
44309
2544369
6001222
6022782
4279604
4150685
4646773
1150916
1997683
1076480
4206193
4420776
6019845
1669997
143305
544825
5708016
5077251
6022854
4977993
2801237
3105646
1114406
5322465
59303
4249797
2909677
1070452
522412
5612911
4262421
4963588
3582362
3314120
310726
1624255
1646996
3991164
218808
5551222
4381920
1529673
4363888
5724835
2329702
807126
5889530
2465467
5670861
5576310
5953520
1759128
3929344
1205514
311749
6010442
5200524
2325924
629003
1259510
6019828
3477950
4543511
2564301
1777008
3894917
6006367
3326372
1708960
3887516
2423164
209103
76051
3697273
2216956
996056
270986
1412741
946850
3423667
2736914
5397059
574479
5826131
4263818
3441734
2901207
1228
4685379
5460365
3991535
6003135
4812515
5468971
1891677
5195924
2255700
3885376
974272
5551701
2605604
2209511
5507019
6022797
5334137
6022863
3182373
5986941
2215712
3198070
5080940
4187837
3218693
4787510
2530848
6020695
5175946
5596004
1919583
6021340
548225
4930327
2611927
6022861
5389997
6016848
3981536
5980115
4380481
1832539
5114137
2682166
552092
5737654
6020281
704972
984421
3861421
5848822
1155209
2107876
1885625
1773155
2187407
712649
5767814
1490371
3134977
3025852
815560
1180054
5169162
3184785
4725592
3585510
4413241
5921905
5501675
979580
988172
476543
4746677
1325707
5233569
1554386
93311
4395489
2250190
5678983
351330
2204410
1047708
5733869
3937
5380027
1387346
5991945
3334222
1937646
225312
1144035
4496165
1348522
248567
3144836
6013306
4082723
6022627
3277437
829571
3239891
1090791
5414452
2150212
3501958
5019881
1764881
2680216
1332754
195302
5731401
51292
1477064
6022867
3723423
5875385
5962732
3001761
825023
5719266
5741205
4387543
5972235
1507998
934239
997652
5545087
199047
5839493
6015602
14955
5391642
3314095
5873603
3185920
5827958
6022910
5483305
472495
4994021
1842836
2759136
378024
993028
4564055
1371433
532797
6022443
5785362
433061
415448
494581
592058
5423415
5784724
5755703
3015734
283322
3698787
5066324
6020362
4098611
6017922
175825
4600982
849365
1079901
4118839
6022888
4678099
563329
28952
4329847
2727278
736308
848072
4622634
3900322
1100102
648955
2574340
3171303
2007631
2896880
131050
931388
1029112
6022879
3308310
1905639
746347
1185264
1511877
106435
225074
3767076
2209304
1416458
5329137
5931332
1637444
3597276
716284
5743177
5644149
2294360
1919155
214790
661519
6007960
482200
4740169
2611159
785065
2691619
1781670
12049
2913725
5591032
3406576
5714277
1270695
1288722
4744937
4077356
699722
4061644
5930853
2813224
3700106
341772
758280
3584131
6020227
498796
219159
159270
3625713
2647279
5982619
5953550
5595614
294949
4142924
4152506
2535335
1831987
2013472
4733158
2037924
3653950
3801949
6019496
2307097
1020735
383065
6022941
6016880
411632
5477649
2524408
3826372
4576973
5965348
824425
5083453
5948339
5314529
4850211
115198
6022892
43846
6022929
5586186
1153105
5543733
5218213
3378227
126769
4396150
2697571
5489178
2556520
935687
939860
4948523
2430656
5226391
1284186
2190492
209199
5716739
1206613
3871959
5366075
4611565
571407
5292302
4926194
3555845
3524134
189362
4816406
1280410
5967821
1545993
6022664
6015092
4982088
3832970
189270
3877338
1783569
5332500
4804570
5884128
5616671
721754
702977
3815092
3151817
1727092
13317
2039170
1665886
2809889
816620
6020790
2694770
4068690
5454730
3233944
1842450
2096773
1092772
4258501
4859885
3036282
2627975
560648
6022909
341994
2099045
168657
577088
4987673
3500743
5109691
310107
6016421
5828248
4226806
5757758
1326863
1967612
4381665
3791980
3332563
2422013
5883971
1281433
4555367
650405
1725325
5108418
5928064
479863
2226988
3797778
41071
3478500
43273
1406664
1945911
22656
2480090
679824
2503450
6021395
359971
6017213
5644982
1745573
1992269
19679
5735775
5704248
2085217
6022858
1187415
1677912
6022946
5899631
5922701
4382693
1422451
6021243
6020951
3598756
4787916
4332
2168061
802047
5869403
6010117
1940375
534109
236081
1410465
2832423
1551399
2596664
6022880
6020038
4478454
5864269
4669350
4362866
3723727
3803447
3477044
5614746
6015709
1405667
5879270
6018871
1677605
5866175
6019117
5907550
1522056
2283319
6013591
3911632
468645
5690687
659460
351207
5175044
4188368
5585476
41942
821679
1968182
2034192
552759
208880
5350718
5333147
5499118
5655255
5950263
1894471
3921420
1171191
4153854
1980754
4180458
5850962
782480
165055
618162
3127571
1197518
6022927
3592020
683660
5258415
7585
3376620
6022878
879601
473672
957193
522444
5778201
807787
5110971
1165238
3510736
179529
4731934
1478239
4774950
224132
1544566
5982110
2699288
4697173
4213132
1809463
4505712
1359306
5560789
5508582
2602144
5902913
939630
4571734
294884
6019491
172211
3131728
1502891
5277717
4525120
4937981
1572419
2463035
5901428
6016248
6021428
3081018
3758543
4580647
5169
852254
4231443
12484
5989547
5771245
227299
5073803
1227923
2517125
478884
2982465
2587904
5894513
6022902
3944251
3830684
452102
1048572
1206007
172163
3152529
6022966
3744182
5177530
1362568
5845734
5838274
5827562
5822802
5321188
1642860
1533883
577765
2704659
2756471
4096381
3253628
2411802
3697958
5862726
3296928
5018792
2767629
330315
3204310
4207875
5999192
3395966
3921707
5202563
291182
829971
2832282
1449982
2252830
4214120
3069232
5941431
4316528
6021470
6017401
785523
2643854
205608
5899040
232642
6018148
692942
4907452
678780
5689392
1552837
6018767
756809
4497344
486558
340457
8513
2055998
5841824
5906066
4697585
5813589
5858704
556471
996886
4916010
6022170
5483872
2076286
1168654
5910367
111794
5875416
3745413
913286
4445275
1351600
458811
3788293
715156
1758051
1273298
1532551
1602831
2747920
4299313
5180678
1942596
2275490
4477850
5111896
4762957
5962592
2023370
1695960
1360368
201359
2163927
643039
6004486
400617
4759187
5341431
5067542
11683
437506
1546071
1473144
760518
6022820
3360029
3598119
3919155
612987
2823516
897928
499373
3379653
5304640
2162222
542161
4865679
3899583
1430637
5082337
6022568
267738
5895286
4184194
4357745
5913310
227176
1766831
5423169
4386239
1492584
1609223
887857
3666886
5906987
6023002
2415735
816936
6022609
67579
6021344
2746466
1566221
3990981
4451856
832887
5484110
4471711
2135453
3122885
485115
1141275
1367990
4019898
2325784
1452285
4489305
3255845
1407020
1885713
699854
3041129
5991904
5293699
4409409
5917011
13189
398606
5999591
19068
3553463
3872311
5592892
4165553
5235488
2055782
87234
3413092
3578287
5608021
4383667
4453584
347717
2162496
3474568
4898303
5086598
5758478
4183947
1209018
869621
1978029
1297228
158334
4214921
5657981
5915236
5889061
741747
1909531
2186897
2741273
981049
6009508
3360687
747873
5590300
4156671
2993841
525576
6019965
2505645
3051783
2279831
787968
949476
6022945
2332658
5067286
6022901
1221571
5639169
1179880
163024
502801
6020861
2115135
5875747
1031417
5983345
5190
4265352
3111051
20394
3104272
5291348
1355087
5543580
2633563
5286767
5940858
1020311
5303201
1746830
1852230
1420197
4381133
5721503
5994041
1569602
238886
5770298
5548397
483408
4217460
6023030
2456918
5245033
951890
1712515
1492173
640733
1119602
3435615
267892
4472840
6022908
3101532
421524
1925272
780089
6021127
3262787
4576488
484840
1095108
1983268
4252352
3736955
1286214
1993204
996028
2775748
2683297
1140682
101254
2916756
5997521
140837
5616157
5139867
6013627
2698227
458193
6021513
5215131
2802040
4341572
2079032
227613
1033581
1287383
2282835
1190004
1833960
5116993
3885509
1921352
4370885
4480140
139985
2069064
940656
631619
648916
1254659
1285868
1537906
3220950
1448
278842
2827823
6016987
4370109
4235532
486285
50175
6022690
2785563
3082944
2179021
5956355
1737251
6004736
318758
65361
1869322
2615223
1309304
3521006
5770882
5070340
4527093
5857307
1469428
6022017
6015212
5765385
1042141
4241522
3560344
5185796
25688
4067967
5923555
3885217
285465
3072925
3623286
4541624
1758853
4357691
996081
6022800
2197070
4725496
6004161
176646
151526
407194
6022206
5888997
3018586
1356062
1447525
775110
5380
19784
436721
298389
454360
1194234
680031
480937
4516110
1086511
582295
2512687
1769269
597473
1235698
3000387
6023080
6004013
1381602
5312361
5860149
296328
1643237
1721136
2674222
1722634
603977
281108
5651777
1964648
4959120
4725112
412923
1922090
1113435
752603
3368084
1916766
4933827
5993911
1247781
4273202
3993104
850848
5672025
84513
608639
2645380
6022397
2970947
1301972
5921604
1988185
6020072
1977887
1789782
4088544
2638437
5007587
4561178
5966609
4413572
1091116
1362755
5133390
2760331
1219389
5554725
1348215
5534735
5404347
5382237
2073882
4992322
6013181
6022341
917053
1549310
3042313
2719875
1783237
5266746
3398488
5436257
5794667
752920
2831448
5868054
182668
5487286
2495283
2492990
4544484
2665890
5905741
2547362
143030
2307753
363777
1388068
4871410
1422645
2030219
4805513
2631328
3592588
336392
261052
437
2538250
3440248
5274
5460719
2070111
288032
5636776
424300
5921602
3666197
118999
1967357
1063742
1691423
477878
6017122
799824
4408126
1195229
5430813
1127114
3845747
302646
4071129
64157
5917879
1672458
2899420
745903
136109
3320252
6022965
2824342
2447471
2420327
5553459
5348534
5966525
3832655
557219
1187022
5922183
5910958
642070
4360250
4076958
4253229
624808
1088866
4025802
4885031
5547025
6023090
1022123
4767498
1176885
2889313
1394348
1342232
528131
1401975
5999005
5985386
4726854
1770432
77567
5725440
497418
3077495
6023076
12711
3629249
3187075
4713502
105539
565368
5971183
6015296
4765997
3155639
5502699
4721241
576911
5948853
5283717
5875904
2161298
906693
5717411
5583079
4029967
6004854
6023081
299924
1467958
1813838
4109424
1461210
5180707
1654971
5082427
5919354
3553279
6023103
101130
4739514
1689706
4660332
3821154
6023128
3902127
2733735
773616
3548640
2322427
2986055
552182
468312
2595450
3973851
2026293
646619
678572
968589
4466122
6018961
2529710
2454356
1682924
6022812
4321319
2141635
2191105
3646845
1542569
1659936
6009931
2484327
6021811
2238336
5965509
4681800
4233911
3902530
5237560
5605726
659503
3800782
669586
2592042
5033325
1582238
2319844
4336330
18771
6022540
3916382
3689247
594751
2060558
4635388
4796489
3114032
5375060
1655567
1087942
3134778
6023050
448934
1840628
5831156
1565984
6012639
3021310
4586306
663660
509467
1976941
2288257
341750
174955
5830574
2274074
1193075
3068500
1447885
3024878
5668102
508666
1250445
2002383
1427095
5284728
1786699
1260286
670339
179125
3145318
1461484
5455559
5957215
2142055
104349
5351452
2165862
3842368
584503
326742
5408472
5207572
165753
458878
743382
3574939
1116096
4834736
5060729
3633380
5255543
5929690
4415502
4509338
830926
4706711
5190382
3405471
3353357
1886067
1639625
1909485
1150393
4081336
157328
918959
5126170
5928038
877942
316737
234815
3583032
295783
5973919
5801516
397786
1216678
2045818
2382728
2265625
6023146
6021350
1985648
2617644
2569077
147792
3576974
5044042
2994949
5255018
6023016
4261858
3545273
474349
1256219
227224
1988874
1461850
1726423
4512868
5698052
1417671
2432053
832991
2116023
1529267
5703255
4797309
1245668
192839
2360798
5833525
753827
5849558
5573942
5393381
1291428
1030675
2615428
1723695
4087164
1142004
861716
3176369
5650878
4770166
4612786
2747734
5140175
1102051
24396
1023019
1678718
3269793
66708
34397
72937
6019891
24587
5999801
4547701
4705339
836390
3566064
1637424
6004211
2785475
2961662
216164
5827322
5144855
5400616
440558
6023151
5727419
433253
3466116
4574281
6023133
6902
2711672
4463807
378767
1916298
106159
4108661
892256
6023164
6020789
5746327
190597
1266985
6022709
4598895
5970368
82548
6017872
3287150
2079162
6001705
1329813
1428679
2667307
3160747
3623424
1760354
670396
1575066
46914
1426891
3218478
3290925
3626537
4139179
1163423
2903753
984823
471093
6021123
4806882
4182275
4931135
5878006
988659
3583182
6018238
5741681
5843673
1741654
5960398
1817176
4130712
324479
3185019
1235165
837534
3904139
2709645
3366741
5942797
4649143
6023167
4471309
95954
3027266
2964963
2093842
2733216
2098932
5853530
898348
5922255
2084176
2915402
5200037
1193487
5798503
6022196
1693029
2247104
8446
1525403
5798690
4055437
6022234
1809095
4248328
5688741
327708
5989492
608314
1063000
3740012
1060350
553921
284380
1937283
4408039
246408
2842423
1366458
1730674
2915536
2531341
303254
568254
312962
2247550
5991026
2169853
3133316
2029602
5157478
617373
1060602
4308286
3042873
1770952
3629541
5924209
4363809
4596719
5602034
5874418
3450859
4620935
5923884
2430657
5293637
2113599
2216718
4177421
642706
3816341
1837367
4367848
3746076
1603521
788100
5020815
3805131
5373674
611697
298661
4113542
3184290
1852164
5008997
717755
5226765
5970700
3293236
4977165
1809126
5280348
6023211
5983290
1322271
4178561
2372064
1946989
2484903
2737715
6023174
5135761
5464538
3412611
2118666
4770399
4116782
4731718
3636228
1420279
3863192
402777
3477005
4317867
201657
3908435
214350
1337057
4266924
4338000
650558
4558367
3716774
3535492
4986035
873139
1759845
1914223
1288107
1180533
1438045
6023188
209629
530821
4367609
3281979
2530089
3527705
4208035
3484700
595603
5977177
3075340
646781
3502980
1041336
3314143
5898070
5407350
5516722
3710865
2901002
6023149
4532996
506796
1181435
4375920
4124849
1396884
131414
1677480
1072846
56087
865505
3292108
298511
5244119
1245296
706838
6009898
5668691
306930
155755
957186
394487
5563083
1528988
1650200
3312910
1946501
2571021
5833031
2582369
4627382
3209256
519413
5786223
924827
3363
21418
2587755
3973420
2080575
5538972
5246463
5100564
2374626
2857145
1785053
3709757
4413351
1704242
1438462
5468709
845092
1242974
5655039
3402703
594235
2388760
4615815
246242
6011279
3960404
453005
4600577
4539271
4948640
4846220
5604911
5042764
1070117
5161500
5634769
5288034
2302862
6023236
3685310
5241159
3448527
772868
874024
5698355
2285234
1547335
487339
5960067
6020411
6020698
171456
5992438
2990728
5202687
1006793
5492502
4438388
2969544
5888398
471160
4020697
1305253
4185959
5861954
3934374
4215088
797306
1524427
301607
5856774
3160317
3398917
3939615
5602192
114386
1132441
869736
2357112
4672263
3238462
5270291
952740
3732556
1352288
5944857
2473883
5957429
2177184
502187
6021005
5686604
2715393
4586573
5390799
89766
1167596
3489447
1186243
330401
5885288
4982952
6023163
3300767
2755131
959570
6023155
3576984
3390417
1214596
620642
4619336
4417076
18157
3168961
1797073
2232620
6005514
2525231
114226
6022767
3706129
5225899
4996248
14660
477037
2681632
2327517
5453683
5678086
3312592
470749
5307473
5998834
4568320
4440315
1238344
3581485
2756489
5876076
8747
1497648
625914
180663
2227743
6003378
2271756
5942452
342384
1552934
3845456
2157783
57879
6022884
200924
2082715
2926394
501557
5446925
5765017
4689835
2688755
2196460
3027001
4099396
5987171
5370043
1907902
377927
3025403
2836621
2658568
2328541
4539577
3946482
4577296
2046858
129570
3547452
5916126
5145923
5101719
3598837
4101552
2558882
912946
1318622
6021162
723980
1331244
622310
5915572
5523147
503786
5987642
893572
1657476
6022629
2655623
1212960
5689806
1378252
2420916
1642427
1090463
1073631
1478764
2112296
5742681
2692979
2016883
251208
6019809
1457439
328848
5838834
330057
1714102
3911274
30827
5163553
3114742
2494262
2352699
1175077
3151541
6012557
6004206
4851368
2119115
6004650
336657
6023153
590088
1263490
6021360
5990128
4691358
1770868
3417427
4959221
999024
15682
1628832
3273280
6023249
5961523
5719935
5696792
3254906
2196426
1426065
3918551
6001393
1530143
2904939
3357423
811519
718086
4616611
4490804
2847956
195932
5002508
2906802
2705286
643383
2990014
2921557
981129
2336725
5769903
6003907
5317740
4301244
5393611
622096
1116115
477563
5457838
3615879
3387542
5696522
3336559
2168837
2069069
5673705
6023118
714968
1284655
1232832
3244108
4815718
1219012
5901088
4753897
6022106
6022372
2435473
4904669
6023137
2777375
1301359
302831
2951368
2562693
2826057
5955797
6013994
1901107
4967389
4603698
4954606
2042748
6023281
5162372
5000433
2385479
5552937
4710794
6022142
3592827
2686165
564653
1486529
5751907
1535360
1929756
4229509
987490
4880414
5962959
4373696
2392691
4979865
5916476
6023227
5767403
3972628
5344058
2999675
5006469
3829467
574168
2314737
1976843
5984964
4811803
3171100
3212185
13087
907734
2234104
3235832
4878298
5515607
1116364
5963197
5566252
1156519
6022976
894237
781573
840223
5292901
826926
2033332
6023291
476410
611446
465986
3923281
451969
5506615
3525122
1529630
3716699
6009025
30001
1180674
4698133
10141
5692337
3908325
2268101
2025531
924
5174390
5497917
774630
25226
2039795
5187435
1359650
1417223
1001242
2753863
5050750
2758118
406987
1430476
2371128
2599907
56082
933980
1632888
3920097
1952500
5933403
3125113
4805056
815101
2534351
5214718
1717933
5947572
6023316
1487244
5403074
4907767
839787
6023262
2294122
4240261
932473
171209
652722
5481420
5252988
2008705
1893702
6015468
2157788
3934038
4100881
2738238
5802468
2966288
4381658
5061865
5822075
2620113
4313733
5820685
1149277
3604955
4729831
161869
1695906
4017367
3403568
4599369
821057
4946745
845414
4087080
562267
4254753
6021165
4496394
4406346
761212
1655200
6022982
2130145
4281779
3763649
1069037
635981
1001807
559026
1364673
1744623
1589810
264628
2902412
74195
2410599
284714
5997117
6023261
411078
234954
1864167
607407
2117550
5491906
5731808
4643488
4360479
1137785
6007479
720977
3238824
1220965
3093598
168986
1561358
6017218
219083
3105067
1577341
6003499
4289331
5735244
6023284
3591628
2505965
6023333
2300466
5004168
4099541
5381560
1583522
399770
4284924
325565
5863112
4223489
4999394
459750
33732
1218864
40851
5758707
1416013
5038993
653929
1089097
5828883
1508634
3998319
2559851
1910135
1254575
6022546
5852293
1174414
16406
5261502
2719312
5862464
106104
3610183
1202830
5494798
4988996
1880431
919545
4133025
5587809
4859662
1258079
2587435
4359431
929459
5182362
2200540
4330449
4624952
5108673
2182674
4900131
5735692
1289864
1126393
6022948
949762
1718554
6023349
5690305
3520734
4571386
5008284
14104
2404892
5070526
5801243
4449640
3888650
1544674
4875845
5769865
5901482
5916375
1953163
2200854
3556854
1928235
1003886
5402618
1116549
2662206
123729
4644312
1899716
729907
3577973
5981459
31474
6023337
5458383
2463341
1631193
5393460
5232814
1130801
1534017
3976889
1031689
4851350
4782104
5424731
2590568
6019924
1913824
781754
118967
5179529
5885908
4155665
3386109
5532352
6015246
1728704
2864275
252228
3773893
3466399
1798471
4264864
6023289
4801362
5838242
3807729
58038
3305693
10224
793796
5699534
6000353
5582190
6001290
4957260
675505
3906760
968861
6006560
5260921
2227925
5576513
3392762
6023220
2091706
662586
1171331
5896383
6023350
571875
5927100
5668187
2020118
3556657
2855955
1445999
1329321
634824
6007610
2165759
5108517
4889406
2730527
5140816
4759033
5723719
3529582
6023201
2591865
4773862
1802933
2005428
6023356
5699206
1291492
2563754
5182828
2399775
6013561
1542723
6000783
1918890
6023388
1466046
1509764
965051
6023378
3542358
2659304
5264388
6023338
3764814
4938007
5982734
5948083
4936696
2573127
1393766
1176482
706870
1959664
2425513
3501228
747024
3086818
42139
5951289
5328485
6023177
1538099
1182988
4662588
6019283
5433969
2321042
3109310
4785110
3760219
5989512
15031
3734244
5499177
553825
24975
6022935
4875624
6023366
444606
612258
4514924
2860371
389647
21336
230513
1727450
4473946
4221420
125685
3763321
2239781
5957287
706532
5607039
3746301
2446955
3437460
1392423
6022366
2075402
2072724
3100494
1695427
757166
421195
6023387
5953476
1431375
4657699
5655880
1432734
128511
1173112
301573
2339551
5547382
4821676
2547324
799921
132138
460363
1582304
308237
1217243
263693
715158
3804916
573032
4602416
6023298
4620771
695591
1204446
6023290
4654297
5934726
5921706
713486
5728991
29107
2262595
436028
4522780
860769
820913
2663863
5300904
625352
5535740
4744514
4393829
2560789
1550312
1955945
458742
135589
4511101
442070
6023282
1807164
463038
5233178
5930170
1728627
1957849
4856581
149341
905902
5717521
5030608
502381
784980
1938359
3310281
5961030
5270581
6019930
4667831
325241
2312181
3135228
6022485
6005119
426790
6015572
3003365
615257
6020999
53481
1193809
1021300
4262344
1386864
3398554
6021936
1007385
5554372
6023397
4317533
1700875
544045
4249299
4235383
2940908
5455544
308079
5273921
2004857
5342366
5306501
5483526
6023399
774398
1055001
4092485
5644546
2118130
5894010
2932012
1230724
4640481
617581
1483084
6014892
5987749
3418850
5748346
39430
4949467
1553090
4317441
6023367
6023403
3385695
4811466
631425
1874957
215401
3491656
1699003
4264110
1058232
5977953
5619526
5744327
11799
1493037
1908232
2338816
16322
4967497
3670051
3559349
2670775
1235000
1241726
1150778
866571
5050667
5646114
6019438
6010711
625403
2759377
1189885
4879022
1679671
4759138
2732722
1784289
2843690
5829866
1443145
2958102
1696972
3183588
5715014
4444267
2104933
4111400
1908347
3747990
1394393
1259275
5266538
5899024
5540292
5138648
6023159
1876155
2915599
3700317
3324630
4691317
5992072
5403466
5457779
3878405
4539122
3344311
1956719
336557
1359780
939023
4648089
975109
559676
1907700
2840591
546901
2065702
3197457
4050261
3371056
377270
3578245
841108
1666769
2370830
4413798
256970
677684
5890246
4975646
2367508
4309169
1812457
6020197
4275093
5461205
1493335
3641023
846476
6018034
6023452
1277402
2170192
2218546
3890632
5629011
2099896
5013143
405042
6023422
2498782
4558532
4158862
4086774
1893672
3190413
1172798
4977814
88656
4812613
5248259
2241145
968312
1138559
1389358
5931824
3088349
577052
27457
888731
379897
738999
6022182
6015764
4507649
5267744
4509457
664448
35306
2035262
2789240
27898
3080746
660259
5835828
6020013
528702
4959035
5513483
2988
856468
2229272
540665
5906793
681666
999246
5298706
5382150
80274
4015511
3778613
2433843
84478
4670661
6023454
6023414
6023419
5462551
5982424
5221149
4099495
4603670
3417037
5173926
1393971
648265
1908746
5067311
1245120
921618
1176601
938822
5725318
3226932
5980010
409638
6023431
5279605
2856379
4621298
4151918
4228942
5111904
4561132
5985542
6009659
2087055
6020821
4269882
5890498
1680677
3661130
